 2.93573771e-01 2.28288808e-01 -1.60833375e-01 -1.80402851e-01 -5.81798181e-02 1.61462367e-01 -1.75254133e-01 -1.04907249e-01 4.83776416e-02 -4.75673117e-02 1.05956982e-01 -4.30858846e-02 3.14726694e-02 -2.97514582e-01 1.40436333e-01 1.16719230e-01 -1.38914149e-01 -1.17600591e-01 1.11090238e-02 -3.96248500e-02 7.75775066e-02 1.12589313e-01 7.93907783e-03 -1.01252768e-01 -4.65831389e-02 1.63526226e-02 -1.68708174e-01 1.38515889e-01 2.16135098e-01 9.24237456e-02 7.51004405e-02 1.65114666e-01 -3.40702793e-03 -1.10738406e-01 -6.19843357e-02 7.93365131e-02 1.01268730e-01 -2.87150048e-01 3.05059038e-02 3.61028380e-02 -1.51912439e-01 5.03658519e-02 2.01991614e-01 -1.10735586e-01 1.73024397e-02 1.75500757e-01 -1.36749258e-01 -9.23792756e-02 3.40642709e-01 -1.38179380e-01
 -6.36664789e-03 -1.19338564e-01 2.11190677e-01 -2.07353601e-01 -7.03030507e-03 8.90740938e-02 2.99933185e-01 -3.27124498e-01 -1.25379921e-01 -2.12811860e-01 5.30461458e-02 -2.65497738e-02 -3.17472730e-01 9.06689862e-02 3.24315348e-03 -1.15562088e-01 1.22850445e-01 -2.77577733e-02 -1.51934688e-01 -3.89655821e-02 -1.99879858e-01 1.58450900e-01 -1.32018857e-01 1.20382698e-01 -8.46608103e-02 1.19728188e-02 1.44099294e-02 1.69176805e-03 3.02907770e-02 9.13501947e-02 2.07498414e-01 2.02682461e-01 1.83368359e-01 -1.39302103e-01 9.75350562e-03 5.31132923e-02 -6.25657796e-02 -4.49921229e-02 -1.83051383e-01 -2.16752430e-01 4.02292823e-02 -1.09058558e-02 2.58570592e-02 -2.06729451e-01 8.53033600e-02 1.97549691e-01 -4.39594772e-02 6.00084714e-02 -1.53418870e-01 -7.07819541e-02
 6.30687690e-02 -1.19941441e-01 2.00803463e-01 -3.55082252e-02 -5.14659890e-02 5.24556041e-02 -3.15494984e-02 -6.46788318e-02 1.33684839e-02 5.19197987e-02 3.73710982e-01 -2.66705588e-01 1.02387321e-01 -9.81292887e-02 -8.86188539e-02 -2.28305173e-01 -1.29575595e-02 9.57778757e-02 1.91622512e-02 -2.50831089e-01 1.44230339e-01 3.72826165e-02 -1.81146894e-01 6.18958199e-02 -5.33259393e-03 -7.43581757e-02 -1.37704054e-01 -1.52143482e-01 -6.01086635e-02 1.90587154e-01 -1.83203379e-01 -1.04198870e-01 -1.94800415e-01 -1.72073508e-01 -3.04970836e-01 -1.14993872e-01 1.92092532e-02 -9.64008777e-02 1.55079752e-01 -3.19524217e-01 -5.73899653e-02 5.26524441e-03 -6.41478186e-02 1.78035411e-01 -5.51818737e-02 -9.33636403e-02 5.14322656e-02 5.15483443e-02 -9.75264029e-03 7.96531525e-02
 -9.66260873e-02 1.94696497e-01 -1.38195642e-01 -2.52162990e-01 3.33948196e-02 -3.57208538e-02 -1.49323207e-01 -1.68733827e-01 -1.53270793e-01 -9.95975054e-02 3.03861643e-02 -1.67407367e-01 4.39135419e-02 -2.21907121e-01 -1.93315383e-01 -1.58758105e-01 1.58035816e-01 1.89812591e-01 5.71310181e-02 -8.99331610e-02 -7.70519383e-02 -1.35612256e-01 3.69288195e-02 -4.31664986e-02 1.06957527e-01 1.64768558e-02 -1.57480928e-02 -1.81490411e-01 2.11906533e-01 1.14414855e-01 4.41092225e-03 2.31922268e-01 3.89060125e-02 3.34494222e-03 1.60777113e-01 -2.35992222e-01 -8.96375889e-04 2.94778534e-01 -2.06423375e-02 2.33067106e-01 3.38662687e-02 -1.54081499e-01 2.03205112e-01 1.51473056e-02 9.58838049e-02 -9.97405700e-02 1.95115389e-01 3.24292817e-02 -2.91006043e-02 1.84300517e-01
 1.41160435e-01 -2.92234873e-02 3.63260851e-02 -7.05989003e-02 4.89698781e-02 1.40549596e-01 -1.50532134e-01 -4.63246208e-02 2.28474279e-01 8.72388919e-02 1.27956366e-01 -3.10147110e-02 -1.97981569e-01 2.68604794e-02 -1.02667982e-01 7.56530573e-02 -3.40153372e-01 1.27731648e-01 9.18780783e-02 3.05908982e-02 -1.94404636e-01 -5.16687214e-02 1.13686239e-01 2.52754219e-01 -8.86190264e-02 2.64895388e-02 1.53075650e-01 1.32541918e-02 -1.92585476e-01 6.02333225e-02 1.93441870e-01 -4.17804706e-03 -5.64362982e-02 3.67395507e-01 4.91788332e-02 -8.59393681e-02 4.05865722e-02 -2.32666896e-01 1.02673997e-02 -7.09242708e-02 1.50977902e-01 -1.52747406e-01 5.82852669e-02 1.42921584e-02 2.85118339e-01 -6.71507231e-02 9.73002529e-02 -3.47243485e-02 4.45797412e-02 2.58007833e-01
 -3.46407704e-02 -6.93304990e-02 1.50380079e-01 3.07514619e-02 -3.13214542e-02 7.76866286e-02 7.87560478e-02 -5.29708262e-02 -3.19632815e-02 -1.58040239e-02 -1.69759050e-01 -1.16303621e-01 -1.49202097e-01 4.76591066e-02 3.89298428e-01 -2.25279490e-02 -9.69462593e-02 -1.35858077e-01 8.15771128e-02 -6.35961958e-02 -2.52729259e-02 -9.48800211e-02 -1.59775896e-01 -1.54643660e-01 9.29670260e-02 -4.99260018e-03 1.44564236e-01 -1.24723849e-01 -8.28265620e-02 -7.49829159e-02 1.93522774e-01 -6.01866334e-02 1.56317626e-01 -9.50237545e-02 -2.74107488e-01 -2.13471096e-01 7.85068386e-02 -2.75223285e-02 2.56299933e-01 2.06352930e-01 9.40214784e-02 1.33893419e-01 2.15176554e-01 -1.44992040e-01 -5.71889965e-02 -2.67263529e-01 2.63756331e-01 -1.19116100e-01 1.26071119e-01 8.84494409e-03
 -1.54769045e-02 -2.90955333e-03 5.61813008e-02 -1.26521166e-01 9.57521649e-02 -5.89245753e-02 -2.29109635e-02 -2.65763384e-01 6.91722136e-02 4.98391842e-02 2.09367151e-02 4.69225009e-02 -2.60017276e-01 -1.27561656e-01 1.26645818e-02 1.40861232e-01 -6.81433528e-02 1.42096712e-01 -4.68008356e-02 8.28250932e-02 1.26711732e-01 -5.68635895e-02 8.49855605e-02 -6.01589504e-02 2.21571321e-01 1.02821467e-01 -8.08014194e-02 -1.48199871e-01 -4.17567259e-02 -2.09198514e-01 -2.62600193e-01 -1.18788385e-01 -9.32494549e-02 1.86601277e-01 -1.80696833e-01 -2.63049723e-01 -1.16080200e-01 -1.17813891e-01 -3.36356392e-01 5.36173605e-02 -7.91107574e-02 6.12690211e-02 1.42801546e-01 -7.23199145e-02 -2.03555750e-01 -7.44864249e-02 -2.39708740e-01 -1.15612805e-01 -2.08157330e-01 -1.29411854e-01
 -2.75631001e-01 3.23441102e-02 8.87093954e-02 3.05474930e-01 2.11725547e-01 2.80911104e-02 1.85060965e-02 -1.74721077e-01 2.07799329e-02 -7.89493183e-03 3.07239657e-01 1.00317608e-01 4.57424445e-02 1.25965292e-01 1.75325635e-01 -1.80717574e-02 8.44794927e-02 1.31548014e-01 2.00195512e-01 3.01400965e-01 -1.62674575e-01 7.31536348e-02 4.21588332e-02 -5.61828166e-02 -2.99673332e-02 -8.13193346e-02 1.18386618e-01 -1.52031684e-01 1.10768900e-01 6.40917430e-02 -2.11629675e-01 1.73106810e-03 1.50521159e-01 -1.16590657e-01 -1.07581311e-02 -1.29454033e-01 1.67426300e-01 -1.01576213e-01 7.68943249e-02 1.00797864e-01 -1.60850127e-01 -1.25696967e-01 -2.07934447e-03 5.00602073e-02 1.96024038e-01 1.85593659e-01 -1.66863846e-01 -1.21548564e-01 1.52501255e-01 5.42123540e-02
 -3.37531307e-03 1.03020087e-01 -2.02555923e-01 -1.78348862e-01 -1.13257063e-01 4.32487451e-02 1.85405897e-01 -1.70920728e-01 -2.18218010e-01 1.01869720e-01 1.30669220e-01 1.27050416e-01 8.11443620e-02 -1.40743202e-01 3.25553277e-02 1.84394563e-01 -1.33020565e-01 1.34664890e-01 4.16957005e-02 6.13464322e-02 6.21008310e-02 1.37317953e-01 -2.07291153e-01 2.46030806e-01 -3.04975731e-01 -1.57998689e-01 1.04490225e-01 -1.13922517e-01 2.26492542e-02 -2.39299802e-01 -2.03177078e-01 -8.04651702e-02 4.99484017e-02 1.01970979e-01 -1.31362921e-01 1.00461907e-01 -6.55753003e-02 2.18783498e-01 5.63554202e-02 6.74286891e-02 8.99192128e-02 2.78686557e-01 -1.38736461e-01 -4.85192775e-02 2.01596781e-01 -5.64383283e-02 1.15068432e-01 -2.22735971e-02 5.87814264e-02 -4.61913375e-02
 5.50813291e-02 -5.98782637e-02 -1.50778750e-01 -6.12608910e-02 1.58771737e-01 2.77936407e-01 -7.64966773e-02 7.01539148e-02 8.18848679e-02 3.76661553e-02 8.04534138e-03 2.57784840e-01 -2.83134510e-02 -2.19334466e-02 1.59481031e-02 -6.67509678e-02 7.38418389e-02 1.44266717e-02 -1.68637967e-01 1.07138915e-01 -3.98575283e-02 -1.22699738e-01 -3.08634655e-01 9.82324474e-02 1.64832031e-01 1.63717190e-01 1.32542591e-01 -2.43673386e-01 8.55336099e-02 1.30707028e-01 1.14364720e-01 3.55725388e-02 -4.97179373e-02 3.89210258e-02 1.39045942e-01 -1.22594496e-02 -3.09270009e-01 -2.87514838e-02 2.53037521e-01 -6.28064207e-02 -3.22610371e-01 -2.72710825e-02 -1.30924194e-01 2.07734840e-02 6.69170464e-02 -2.17605803e-01 -5.64748944e-02 -2.95594474e-02 -1.61219224e-02 -2.64148292e-01
 1.02718923e-01 -2.01099238e-02 -1.42220422e-01 3.73200716e-01 -3.29242621e-01 1.75228982e-01 -9.73093336e-02 7.68684150e-02 2.44652299e-02 -1.10082089e-01 4.69153888e-02 -1.39800335e-01 -3.85494097e-01 6.24990133e-02 -6.05142626e-02 2.07145708e-01 -2.70035358e-02 2.13390713e-03 2.71605371e-01 3.38854634e-02 3.50867341e-02 1.73377952e-01 2.07389365e-02 1.95440427e-01 1.05894973e-01 6.98664126e-02 -9.22150249e-02 -4.85616641e-02 9.43210768e-02 -5.42962555e-02 -3.32162678e-02 1.04587806e-01 2.84993430e-02 -8.42028117e-02 -1.01726631e-01 -9.97381357e-02 -1.94734684e-01 2.44841306e-01 7.89619781e-02 1.97520016e-02 2.55254253e-02 -1.53984037e-01 4.79547917e-02 1.14793140e-01 -5.76650573e-02 1.13731726e-01 4.93503106e-02 1.65640345e-01 -2.37375957e-02 -1.60839968e-01
 1.98682205e-01 -2.06869382e-02 1.00550866e-01 -2.33662353e-02 -2.79727217e-01 -1.20720489e-01 5.28870154e-02 -1.29933257e-01 6.14550517e-02 4.78413074e-02 7.37111659e-02 6.87836422e-02 -1.49864402e-02 2.28605619e-01 1.80908087e-02 2.41443053e-01 7.51221844e-02 -1.49328514e-01 -4.26924959e-01 -1.45391682e-01 -1.27816397e-01 -2.92989654e-01 8.52960941e-02 -3.96762954e-02 7.26644562e-02 -1.01769270e-01 1.66111829e-01 -2.09589166e-01 1.21024118e-01 1.81548318e-01 -1.60765133e-01 1.14413618e-03 -6.43389570e-02 8.56809013e-02 -7.67810313e-02 2.83965632e-02 2.73509372e-02 2.15099668e-02 4.80744271e-03 1.84163403e-01 4.56982250e-02 2.43296067e-02 5.12697936e-02 2.74271479e-01 8.99176126e-02 1.90154816e-01 3.42418613e-02 8.28932301e-02 1.30708998e-01 -5.81180954e-02
 6.77311922e-02 1.43470763e-01 -2.31142140e-01 -3.59893499e-02 8.58408137e-02 -2.36492203e-01 3.31065787e-01 -1.29909828e-01 2.06338136e-02 -2.35681874e-01 -8.88210117e-02 -8.39509095e-02 -1.16406123e-01 2.09499056e-01 -1.73180852e-02 -2.13885190e-01 -2.81431560e-01 6.65999790e-02 -7.06507534e-02 1.33323701e-01 2.52855348e-01 -3.72512470e-02 1.21965020e-01 3.07222465e-03 7.23871371e-02 2.84565690e-01 -7.78419819e-02 1.22457089e-01 1.49521841e-01 4.29852520e-02 -3.12578308e-02 -1.61695935e-01 2.79679388e-02 -5.42250477e-02 -1.51526194e-01 8.15675723e-02 -2.68189689e-02 -8.79312583e-02 1.03071306e-01 5.44206776e-02 -1.95129595e-01 -7.81817974e-02 -7.92409536e-02 1.60510340e-01 2.10583832e-01 -4.25178229e-02 1.54017001e-01 6.15338265e-02 -6.65119764e-03 7.35540235e-02
 -1.16585997e-01 -3.50109672e-02 -4.50734433e-02 -2.39930374e-01 3.07329399e-01 -1.10074114e-01 -9.44760504e-02 -6.94660152e-03 5.85276540e-02 -5.75462497e-02 2.34817079e-02 1.34231721e-03 -3.38731466e-02 2.40120980e-01 -2.30870910e-01 3.74160791e-01 4.58160525e-02 -6.14611236e-02 5.33268993e-02 -1.55666949e-01 -1.32556565e-01 8.48435645e-02 -9.05742030e-02 -1.07259939e-01 -2.11307793e-01 4.49797963e-02 1.01503468e-01 2.37838812e-01 -2.24117537e-02 9.40378549e-03 8.81703426e-02 -7.90991716e-03 -1.44837218e-01 -1.69739199e-01 -3.42379606e-01 -2.04709863e-02 -1.25040198e-01 2.18648210e-01 9.74542289e-02 5.25710726e-02 -8.18928716e-02 -1.78104803e-01 7.90013056e-02 7.39099465e-02 -8.37093061e-03 -9.68560291e-02 -1.68557872e-01 -1.26567415e-01 6.39446296e-02 2.89504869e-03
 -2.24168048e-01 1.86464915e-01 -8.82594110e-02 -1.31272193e-01 -1.75045574e-01 1.50436976e-01 -6.57585546e-02 1.06663206e-02 -9.88436904e-03 -1.20547954e-01 7.42015759e-02 3.29468025e-01 -1.26126843e-01 2.48759866e-02 7.03631427e-02 2.03428366e-02 -4.35690145e-02 1.39209454e-02 1.80977115e-01 2.82695096e-02 -7.65415171e-02 -1.18786146e-01 1.91965467e-01 -1.63061877e-01 -1.32591152e-01 -8.00197322e-02 -1.16276140e-01 -1.69116836e-01 -2.28977028e-02 2.51708811e-01 3.77285541e-02 -4.86174401e-02 -2.23858593e-01 -1.16333941e-01 -1.40875102e-01 2.61314885e-01 -7.14575290e-02 -1.63265486e-01 9.75705634e-02 7.81161780e-02 8.04287746e-02 5.12093380e-03 -6.85197666e-02 -5.26744458e-02 -1.70664672e-01 6.32090306e-02 1.78810547e-01 -8.33864358e-02 -3.69644925e-01 8.38676268e-02
 2.32569562e-01 -1.19118473e-01 8.31104764e-02 -1.43780198e-01 -8.76751842e-02 -3.66045220e-02 -7.89782215e-02 -4.35081271e-02 -7.28963085e-02 -6.56773324e-02 -1.75645575e-01 5.61741664e-03 -7.48890872e-02 1.51296974e-01 1.01711750e-01 1.03217059e-02 -7.31865544e-02 1.24412747e-01 2.23320675e-02 9.11959140e-02 9.86974335e-02 2.91012005e-01 -1.10894127e-01 -9.95413656e-02 -1.07235535e-01 2.05634668e-01 -2.41609152e-02 -2.14698594e-01 7.02037601e-02 1.40405650e-01 -8.00462919e-02 -1.77324110e-01 -1.46671364e-01 -1.54562665e-01 3.70786518e-01 -6.26480284e-02 -1.94473773e-02 7.63362938e-02 1.05704870e-01 3.79466201e-02 3.06911629e-01 1.19141025e-02 -3.53368161e-02 1.12043417e-01 -6.42633947e-02 1.32016014e-02 -2.33631790e-01 -2.89894202e-01 7.10955232e-02 1.91132366e-01
 1.14668775e-01 6.94202210e-03 -2.37279364e-01 -1.10585485e-01 1.83427187e-01 1.57566809e-01 1.82580498e-01 1.34400895e-01 -9.67651814e-02 3.48125351e-02 1.01511579e-01 1.39606796e-03 -8.81097069e-02 -1.03543538e-01 1.26100987e-01 -3.55640022e-03 1.08131036e-01 -1.78769810e-01 3.33997212e-02 5.38924056e-02 -1.74122721e-01 -9.59823823e-02 1.96947705e-01 1.97629619e-01 -9.75982149e-02 2.21608186e-02 -5.86091316e-02 1.17094863e-01 -5.84967109e-02 2.54214335e-01 -1.63640779e-02 -1.35028233e-01 3.27750443e-01 -2.14199049e-02 -1.63296884e-02 -2.38111003e-01 -4.73404641e-02 3.72547711e-02 -7.15805266e-02 -5.73405163e-03 3.78656339e-02 2.22698770e-01 -3.22760464e-02 3.52306220e-01 -2.90542304e-01 -4.51587833e-02 -1.05831345e-01 -9.42402394e-03 9.47570117e-03 1.63432271e-01
 7.52908577e-02 -8.18217763e-02 1.71338462e-01 -2.60720843e-02 -1.59272689e-01 1.22611815e-01 1.28774166e-01 -7.66566447e-03 7.04170048e-02 -4.25716246e-02 4.09776342e-02 2.79342733e-01 1.19456274e-01 -1.46460717e-01 1.39626514e-01 -1.41994853e-01 5.41382422e-02 7.33560536e-03 1.26718327e-01 -1.93277550e-02 3.57572127e-02 3.34154785e-02 1.04083933e-01 3.79337147e-03 -8.76793873e-03 1.85330565e-01 2.90939540e-01 3.95251221e-01 3.06046860e-01 1.05042467e-01 -2.30229782e-02 -6.67497286e-03 -2.29895631e-01 1.29961765e-01 -1.09300338e-01 -2.46227210e-01 1.57327826e-01 2.03698548e-01 -8.30719549e-02 -6.57251491e-02 8.45531251e-02 -1.04334315e-01 -7.71344847e-02 3.41625232e-02 2.80643089e-02 -2.53852728e-02 1.06447505e-01 -1.53386875e-01 -8.71161294e-02 -1.91458030e-01
 -4.78573357e-02 -8.54145008e-02 -2.21574757e-01 1.16066081e-01 -3.54442273e-02 9.74892900e-02 -1.26114126e-01 -1.43729436e-01 -2.29561306e-01 -1.42935429e-01 1.39178426e-01 -3.15278723e-02 1.07817484e-01 -1.46759254e-01 -1.53157254e-01 7.30616515e-02 -2.60408043e-01 -5.30428590e-02 -2.06255656e-01 2.01099198e-01 -7.36178293e-02 8.21480081e-03 2.31294311e-02 -9.70818501e-02 3.42425795e-01 1.05108409e-01 2.53890028e-01 -3.90858157e-02 -1.88590055e-01 3.76644648e-02 1.20984932e-01 9.96978082e-03 3.97766518e-02 -1.99368844e-01 -1.22555465e-01 1.87145695e-01 2.70532457e-01 1.26568979e-01 -1.37009500e-01 -1.38119931e-01 1.96131618e-01 -3.53700468e-02 -9.47304913e-02 7.90085872e-02 -6.67486598e-02 -1.13295496e-01 -5.93047474e-02 -1.19126126e-01 -2.44794401e-03 -4.04315156e-02
 4.45204051e-02 6.52397375e-02 -9.06644348e-03 6.57569300e-02 1.39020263e-01 1.39235595e-01 4.18628230e-02 5.06630243e-03 1.29736109e-01 -1.10257055e-01 -1.93681147e-01 -8.25207823e-02 -9.07480745e-02 8.53419535e-02 -7.62995454e-02 7.28447411e-02 -9.15893393e-03 -2.50585600e-01 3.33816532e-02 2.48590657e-01 -3.88295952e-02 -2.00852347e-01 -3.06300204e-01 1.74103676e-01 -7.39240514e-02 1.90857105e-02 -1.10664185e-01 5.16645887e-02 1.30101232e-03 1.06611707e-01 -3.55455032e-01 2.42893255e-01 -2.86660848e-01 -4.36996558e-02 4.32584917e-02 1.60043965e-02 3.85763084e-01 7.50437151e-02 -4.24187493e-02 -4.64592642e-02 -2.46927919e-02 1.87533000e-01 1.27187382e-01 -6.40591055e-02 2.59785874e-02 -8.90466573e-02 3.98219197e-02 1.14584434e-02 -1.35066519e-01 1.02189871e-01
 -2.16929760e-01 2.50597192e-01 2.46876583e-01 -1.20223216e-01 3.04719496e-02 6.26834458e-02 -1.34671834e-01 7.02012991e-02 -3.26321151e-02 -1.96812143e-01 1.79352138e-01 -4.20740008e-03 -2.23219447e-01 6.96559782e-02 4.24843243e-02 -3.61581159e-01 -8.62853240e-02 -1.18341224e-01 1.98349002e-02 2.68558679e-02 4.91116196e-03 -1.38151540e-01 -5.35647738e-02 1.51797166e-01 9.90647842e-02 -5.57430012e-02 5.92146330e-02 9.43691232e-02 8.27405194e-02 -1.76442985e-01 8.93251506e-04 -9.30079751e-02 -1.31565841e-01 1.46589938e-01 9.97085657e-03 2.57869716e-01 -9.44426262e-02 1.63244790e-01 2.07082488e-02 7.97698213e-02 1.62332605e-01 8.06810831e-02 3.82031205e-02 1.12265916e-01 -1.35378487e-01 -2.05868650e-02 -2.59185422e-01 8.13392189e-02 3.16621483e-01 -2.42457705e-02
 1.15856071e-04 -1.49326270e-02 -1.37926634e-01 -8.54394966e-02 5.25287540e-02 -3.64248367e-01 -9.61123702e-02 2.25456274e-01 1.02101319e-01 1.09074098e-01 2.66638114e-01 -1.35087043e-01 -1.61851854e-01 -1.00931348e-01 1.58378273e-01 -4.39223570e-02 5.08781554e-03 9.25707326e-02 -1.47721483e-01 1.39451120e-01 8.02284735e-02 -2.29813608e-01 8.92292405e-03 1.86052773e-01 -1.24151219e-01 9.04327821e-02 1.55814025e-01 2.12136195e-02 -9.18493221e-02 1.17858249e-03 4.67159180e-02 -1.10271894e-01 -3.74479866e-02 -2.03705049e-01 9.29434729e-02 -4.94046692e-02 7.72308001e-02 1.44402505e-01 1.77781682e-01 -8.51023846e-02 6.71241805e-02 -1.99144765e-03 1.94196341e-01 -2.19417323e-01 -3.56022734e-02 3.06633994e-01 6.18780891e-02 -1.18675837e-01 -1.53745887e-01 -2.02796436e-01
 -7.07618757e-02 -6.18736799e-02 -1.82036762e-01 1.40490635e-01 2.37618689e-02 5.73790639e-02 2.66494096e-02 -1.31456544e-01 -2.16188140e-01 1.05249483e-02 2.30129278e-02 -9.00575669e-02 -9.03722491e-02 -2.23449928e-02 -2.05536621e-02 5.82600883e-03 2.18126465e-01 -4.53807193e-02 1.44301138e-03 -2.29337585e-01 1.31617487e-01 -7.89324112e-02 4.34696751e-02 -4.48094842e-02 -1.24615044e-01 7.65145076e-02 -1.20525750e-02 3.27530537e-02 1.22252960e-01 -8.97157765e-02 5.45325725e-02 -1.79393272e-02 4.07527860e-02 2.75072497e-01 2.53530008e-02 1.02596818e-01 2.57939476e-01 -1.75824086e-01 3.77237014e-01 -2.03671328e-02 1.99753385e-01 -2.53281605e-02 1.51945969e-01 1.19320753e-01 1.35985622e-01 -1.23182671e-01 -3.54862560e-01 5.59501968e-03 -3.00083966e-01 -1.30553698e-01
 -2.32724293e-01 -6.73053376e-02 -1.11192993e-01 -5.51857400e-02 -1.40200488e-01 -1.25022865e-02 5.73073857e-02 2.40435394e-01 1.37774454e-01 -1.85605624e-02 1.70587813e-01 -2.83754955e-01 -1.09883466e-02 1.26816741e-01 -2.37556307e-01 -4.12173511e-02 -4.91815430e-02 -1.46314415e-01 -2.21864187e-02 -3.34655981e-02 4.71496152e-02 6.83909961e-02 -1.57302765e-01 6.37894932e-02 -7.33820876e-02 -2.73369631e-02 8.51601371e-02 -6.16703914e-02 2.75546046e-01 -1.99573097e-02 3.85469922e-02 8.43809673e-02 8.47976324e-02 1.32481731e-02 4.78159994e-02 -9.39912939e-02 2.30694925e-02 -3.22194603e-01 -2.30560400e-01 2.82134043e-01 8.97245953e-02 4.62704291e-02 -2.23909664e-01 1.92166026e-02 -6.64039142e-02 -7.58910325e-02 6.48539905e-02 -3.49237206e-01 -5.04214351e-02 -1.52575143e-01
 3.16739749e-02 -1.26701637e-01 1.53430915e-01 1.37747440e-01 -1.68465400e-01 -1.52665083e-01 -9.44488111e-02 -2.65406709e-01 1.24204656e-01 1.26288886e-01 -2.98673744e-02 4.44876845e-02 1.60469570e-01 -4.84235262e-02 -1.61980808e-01 -1.60874581e-01 -1.67284942e-01 -2.16499441e-01 1.11063697e-01 1.53204338e-01 1.01197937e-01 -2.32235391e-01 1.62211522e-01 1.09812494e-01 -3.32770181e-01 1.07073756e-01 -1.19259238e-01 -9.09801273e-02 -1.57877409e-02 2.15623228e-01 8.19353733e-02 9.49164577e-02 1.95492352e-01 -8.74252864e-02 -8.26868446e-02 3.63316512e-02 -1.61114791e-01 1.60601458e-01 -2.39968617e-02 1.11946398e-01 1.49955368e-02 1.14125772e-02 4.04096430e-03 -1.53720182e-01 2.71163450e-02 -2.34646425e-01 -2.49386532e-01 -1.74130897e-02 8.61553807e-03 -1.15331326e-01
 -3.25042385e-01 3.70058311e-02 -2.61997783e-01 5.96456427e-02 -1.31378847e-01 -8.35853964e-02 1.89646974e-01 -6.44156626e-02 8.67409665e-02 2.09230696e-01 6.60632527e-02 2.29192408e-01 -1.60535333e-01 -4.04356059e-02 1.40531453e-01 -9.21122907e-02 -5.88160061e-02 -1.82868457e-01 -1.67003986e-01 -1.02660096e-01 6.19438214e-02 4.44417181e-02 -5.37776934e-02 -9.42877708e-02 -1.09496456e-01 3.77353438e-02 -2.60458442e-01 -6.82803534e-02 -1.87521297e-01 -1.08222339e-01 1.59803269e-01 2.18121092e-01 -2.52870909e-01 -3.99713050e-02 9.95751199e-02 -2.58329714e-01 6.87481509e-02 8.20737494e-02 -8.96029687e-02 -1.39898064e-01 4.97793769e-02 -1.39140516e-01 -1.45511792e-02 1.61077523e-01 6.68161416e-02 -4.24185575e-02 -3.20128000e-02 -2.91511085e-02 2.32367444e-01 4.86761135e-02
 7.65229650e-02 -4.47415291e-03 -7.67273902e-02 -9.74683770e-02 -5.18783387e-02 -2.79003900e-01 2.09893531e-01 -5.99751937e-02 1.70203405e-01 -1.56503472e-01 -2.18479151e-02 9.21571069e-02 -7.46094229e-02 -2.13130027e-01 -1.78528989e-01 -8.18510982e-02 9.45207298e-02 -4.03972518e-02 1.95323433e-01 6.64792185e-02 -1.97610737e-01 1.00569822e-01 -1.03890893e-01 -1.09225566e-01 1.34431936e-01 -1.66340233e-01 2.91139435e-02 1.11152869e-01 -3.21541146e-01 1.43011215e-01 -2.92725698e-01 2.12875220e-02 6.02554055e-02 4.35075928e-02 9.85298173e-02 2.25375459e-02 -6.78952373e-02 -1.67227702e-01 2.11419521e-01 6.68740665e-02 2.30527175e-01 -1.45583348e-01 1.58453708e-02 3.23778280e-02 -3.10458766e-02 -1.13262749e-01 3.48973451e-02 1.99202883e-02 1.38848075e-01 -3.11120877e-01
 1.83564009e-01 -3.81820320e-01 -6.66171034e-02 -9.84658099e-02 -5.81361140e-02 8.07315885e-02 9.62083261e-02 2.21601555e-01 1.13889443e-01 -2.75646078e-01 5.51405189e-02 8.19861688e-02 2.67533344e-02 -7.71882911e-02 7.82964225e-02 -6.16917970e-02 -2.94150153e-02 1.77532006e-01 1.55946873e-01 -7.58713052e-02 -1.10308077e-01 -3.96962596e-01 -4.35705416e-02 -1.34134096e-01 3.09433162e-02 -8.19336244e-02 -2.35173735e-01 -3.20633869e-02 -1.15223476e-02 -3.08775581e-01 -7.87777705e-03 8.48645096e-02 7.07466300e-02 -1.27950508e-01 -7.42797484e-02 8.18166605e-02 -3.01887211e-03 8.70486890e-02 -9.73721767e-02 3.48327482e-02 1.60283821e-02 -1.45712980e-02 -3.84108126e-02 9.66333847e-02 2.71156039e-01 6.01099370e-02 -1.66478865e-01 -1.74390246e-01 -9.12977234e-03 7.38772293e-02
 1.35322536e-01 -1.35129390e-03 -3.11901365e-02 2.18253506e-01 1.44196408e-01 3.08242846e-02 7.23584843e-02 -1.16016403e-01 1.30514163e-01 -3.94261370e-02 2.32100144e-01 1.34113959e-01 -1.63598186e-01 -1.78349931e-02 -5.26112546e-02 8.12503415e-02 -2.12667165e-01 1.65329006e-01 -1.00148664e-01 -2.08351936e-01 3.25226825e-02 -1.53839735e-01 -3.73783121e-02 -2.02881724e-01 -1.68585271e-01 -1.07255617e-01 1.69730344e-01 1.48478925e-01 2.19054189e-01 -1.16430667e-01 -7.72859497e-02 4.27945973e-02 4.23017852e-02 -2.42991253e-01 2.88929484e-01 -4.52831604e-02 -5.45412640e-03 -4.85865495e-02 1.72584037e-02 3.47215805e-02 8.46710688e-02 1.46902912e-02 -1.09162299e-01 -1.45386151e-01 -2.73560162e-01 -2.33893719e-01 2.38709978e-02 2.80954023e-01 -2.43696758e-03 1.12182152e-01
 3.29786571e-03 -3.15524822e-01 -1.02745669e-01 -1.20773047e-01 6.58434453e-02 1.83180617e-02 -7.69114066e-02 -5.90133816e-02 2.22626753e-01 2.86216040e-01 -1.43084582e-02 -1.95331769e-01 -1.84752186e-01 -1.87178726e-01 7.25005676e-02 -1.33125668e-01 1.04314705e-01 -5.74647546e-02 -4.55607794e-02 3.12276123e-01 -1.74556141e-01 1.97146351e-01 1.21082731e-02 -2.43125140e-01 -4.45509787e-02 -8.91440125e-02 -4.02195895e-02 -1.27362976e-03 2.23809624e-01 -1.10434075e-02 1.01168458e-01 -1.72706829e-01 -1.57286013e-01 8.53627014e-04 -1.09547981e-01 1.71677353e-01 6.99566258e-02 8.40113742e-02 -4.58361946e-02 1.74619698e-01 4.01114459e-02 4.63240395e-02 -9.20503049e-02 7.98100104e-02 8.80195880e-02 -3.58585883e-02 2.43353438e-02 3.36453237e-01 -5.21042454e-02 1.18248254e-02
 5.45728798e-02 1.67407583e-01 2.07413673e-01 1.53407467e-01 1.03159367e-01 -2.57854722e-02 3.03375320e-02 -7.31149826e-02 1.43709183e-01 4.04350703e-02 -4.69103867e-02 1.88951891e-01 -1.42977675e-01 -1.45210019e-01 -3.06379456e-01 1.11117962e-01 2.37024560e-01 4.15348859e-02 -9.67030475e-02 6.86236446e-02 1.03164429e-02 -1.42693635e-03 1.12895407e-01 1.72418775e-01 1.02203131e-01 -1.49979886e-01 -2.46076971e-01 -1.56094475e-02 1.91964867e-01 -1.24385495e-01 2.33440376e-01 -2.67914018e-01 1.96061805e-02 -2.35239773e-01 2.42377928e-02 3.48619641e-02 1.00053842e-01 -4.30567095e-03 4.68345387e-02 -1.02325207e-01 1.10093317e-01 1.35774835e-01 6.56743616e-02 1.21696363e-01 1.27210263e-01 -1.40972549e-01 1.87505151e-01 -2.84529885e-01 7.16369243e-02 -5.34289308e-02
 2.69076694e-01 -1.62740593e-01 4.08376538e-02 -7.33827166e-02 -2.40336346e-02 1.69252255e-02 -6.52635719e-03 1.70640459e-01 -3.54481500e-01 2.21522702e-01 2.17419785e-01 1.74193777e-01 -2.36574135e-01 2.16743286e-01 -1.46501847e-01 -2.01369229e-01 1.25330099e-01 2.32978742e-02 4.21900605e-03 7.33425209e-02 7.38362134e-02 1.30154460e-01 2.20160682e-01 -2.76799425e-02 -6.20519965e-02 1.73142272e-02 2.70137546e-02 3.39898515e-03 -1.42213574e-01 -8.60115156e-02 -1.14963640e-01 2.01068367e-01 -4.51854485e-02 -3.94809815e-02 2.52077260e-03 1.49755935e-01 1.60404719e-01 -2.78467656e-02 -4.89328019e-02 1.58835017e-01 -2.31198620e-01 -3.70303548e-02 1.76957447e-01 -3.25187319e-02 -4.12471292e-02 -2.36795455e-01 1.38208804e-01 -1.07836848e-01 1.01023530e-01 -3.50947570e-02
 -3.59013342e-03 1.62992516e-01 2.23915709e-01 2.15079407e-01 1.11062027e-01 -4.49107084e-02 7.74623420e-02 2.82105133e-01 -1.55891081e-01 4.55560472e-02 -1.22576540e-01 -1.63940957e-02 -7.00189282e-02 -2.07877951e-01 -1.46139634e-01 -9.14559752e-02 -2.78401138e-01 2.59136775e-01 -2.13034033e-01 -1.56407633e-02 -3.43148423e-01 8.22980272e-02 -8.60801871e-03 -1.86907116e-01 -1.89022956e-01 2.09885345e-01 -9.42679372e-02 -5.01942079e-02 1.05559082e-02 5.47583282e-02 -1.29591946e-02 2.09920134e-01 -4.36398660e-02 5.75307154e-02 -1.67621463e-01 -8.21687271e-02 -3.34476390e-02 7.96191681e-03 9.81596154e-02 9.46545630e-02 4.36047855e-02 2.15632153e-01 -1.07913550e-02 1.27136256e-01 3.31112901e-02 1.06338225e-01 -5.51585821e-02 -9.56915806e-03 -5.16879781e-02 -1.62788778e-01
 3.92045878e-02 2.67102833e-02 4.52969672e-02 1.11773769e-01 2.49092532e-01 6.53345889e-02 1.36249887e-01 1.45427320e-01 -1.66955589e-03 -5.55929369e-02 5.61150408e-02 -1.69396845e-01 -1.00866228e-01 -1.57769558e-01 2.33894303e-01 6.70634469e-02 -8.98942699e-02 -2.07639843e-01 -1.98809629e-01 -2.02715247e-01 2.92748783e-02 1.52142103e-01 2.76185443e-01 5.73591854e-02 1.01387222e-01 -2.09220700e-01 -9.84662035e-02 -7.95390642e-02 1.75906980e-02 1.83328565e-01 -1.93781718e-01 4.58155253e-03 -7.96015969e-02 5.66310255e-02 2.78660741e-02 1.25471459e-01 -1.13658360e-01 2.22000796e-01 6.62321141e-03 7.91518736e-02 3.61569806e-02 -2.14100924e-01 -1.67236822e-01 -2.78129162e-01 2.05990076e-01 -1.66464863e-01 -5.62963841e-02 -2.16047801e-01 -6.09682235e-02 1.62943703e-02
 -2.27719142e-02 2.10272104e-02 -1.76653294e-01 9.14053356e-02 2.65424817e-02 1.06641881e-01 -1.90061630e-01 -5.54995469e-02 2.32030872e-01 1.71606055e-01 -1.38397420e-01 1.66091495e-01 -1.10058419e-01 1.20899796e-01 -4.32844541e-02 -3.06624868e-01 -1.28182382e-01 1.07121291e-01 -7.52490106e-02 -2.33372422e-01 1.69933619e-01 1.57631697e-01 -1.50445308e-01 -6.63517917e-02 1.02109477e-01 -2.74175988e-01 1.20758295e-01 1.79141217e-01 -8.07947287e-02 1.92363678e-01 -1.02840218e-01 2.10119718e-02 2.29874475e-01 -5.36500255e-02 -6.61967096e-02 5.37644938e-02 -4.09993652e-02 1.42934528e-01 -9.66606607e-02 6.40243554e-02 1.31326924e-02 1.92378685e-01 2.21177433e-01 1.11318382e-01 1.49693933e-01 1.39989601e-01 -5.54214897e-02 -1.61376161e-01 -1.76601514e-01 2.42143099e-02
 -2.57426380e-01 -3.44183415e-01 -3.89439814e-02 8.43857739e-02 1.74721370e-02 -5.65051929e-02 1.79296731e-01 -8.54381177e-02 4.91733756e-02 -7.68889011e-02 -9.27967097e-02 -7.72752912e-02 -2.97854198e-02 -2.02668488e-01 -4.90748334e-02 8.99652420e-02 4.87439631e-03 9.67859246e-02 1.48576511e-01 -1.82600077e-01 4.76501086e-02 2.76940936e-02 2.48731898e-01 1.71088301e-01 8.68835754e-02 8.03845562e-02 2.47105896e-01 -2.68175079e-02 -1.04831804e-02 1.08472268e-01 3.27290657e-02 1.23257053e-01 -2.87677379e-01 -7.90168666e-02 1.39861305e-01 1.68766719e-01 -1.22216486e-01 -6.69896072e-02 4.18606001e-02 5.60788046e-02 -1.76168240e-01 4.00444410e-01 1.64369186e-01 5.07747005e-02 -1.62649778e-02 4.93833589e-02 -1.33807605e-02 -4.33036872e-02 1.77584359e-01 8.21434040e-02
 7.91896466e-02 5.79735850e-02 -3.83682246e-02 1.55153841e-01 1.46025096e-01 1.41856282e-01 -3.63147135e-02 -1.79555992e-01 -2.10743185e-01 4.57072795e-02 -9.09538128e-02 -2.02211605e-01 -1.93970231e-01 -3.57658066e-02 -7.19018219e-02 -5.05490962e-02 4.79793389e-02 -5.53616329e-02 2.17668047e-01 -1.44352858e-01 3.06104453e-02 -2.80263348e-01 -8.82272097e-02 -2.47304011e-01 -2.27560490e-01 1.77234845e-02 6.76518498e-02 -1.54841375e-02 -1.73326471e-01 1.01549910e-01 2.79531406e-02 -2.95995151e-01 -1.16229316e-01 5.84121793e-02 1.52692021e-01 3.60175580e-02 -1.37719121e-02 6.36739680e-02 -2.59867144e-01 -1.35375525e-02 -1.10561808e-01 -2.81963165e-02 -1.73965793e-01 5.09297177e-02 8.28010248e-02 1.81235372e-01 1.72223739e-01 -1.34394516e-01 1.54334762e-01 -2.63128716e-01
 2.36586589e-02 -3.01731449e-01 -6.51617682e-02 1.06165899e-01 2.16694020e-01 -2.41522737e-01 -1.82842200e-01 1.06633497e-01 -1.56683495e-01 -3.49348006e-01 -4.63512343e-02 3.02478691e-01 -6.11872159e-02 -1.47536535e-01 -1.07358935e-01 -6.19555445e-02 -1.19527678e-01 -2.48993415e-01 -2.05897281e-02 -4.58603032e-03 1.32447839e-01 1.05760806e-01 -9.67530994e-02 1.71424296e-02 -1.53987388e-01 -1.69752192e-01 1.26956611e-02 -2.36651127e-01 2.02404606e-01 5.12126660e-02 3.26334187e-02 -8.16251878e-02 4.03309068e-02 2.45599237e-01 -1.16385169e-01 -1.06648257e-01 4.33202172e-02 -3.23908696e-02 -4.86990738e-02 -9.70075497e-02 -9.85331173e-03 -5.54389180e-02 1.22601527e-01 -1.08405829e-02 -9.07433995e-02 1.47908981e-01 1.47578162e-01 6.95588247e-02 7.31977054e-02 6.76497107e-02
 -3.03313629e-02 -1.03370224e-01 3.88482206e-02 -3.41997060e-02 2.20297783e-02 1.36399360e-01 6.05444794e-02 -1.21008408e-01 8.52530236e-02 1.63097455e-01 1.69321061e-01 1.00824309e-01 5.16463203e-02 -5.25643796e-02 -2.48420509e-01 -6.71214289e-02 -1.20015059e-01 -3.65015719e-01 2.98182006e-02 -1.83275133e-01 -1.82305018e-01 5.71546824e-02 -2.74708458e-02 -6.80549601e-02 1.53802427e-01 3.76765667e-01 -1.27823612e-01 1.23012868e-02 1.29428172e-03 -2.17456489e-01 -1.74917398e-01 -1.62668059e-01 1.23056315e-01 4.73579150e-02 1.03414112e-01 4.23244310e-02 2.03425263e-03 1.11718452e-01 2.39475186e-01 1.07025231e-01 -5.46387867e-02 2.45056610e-02 7.06982318e-03 -1.51850471e-01 -6.42621082e-02 3.02732592e-01 1.34448556e-01 -9.75120992e-02 -6.17481086e-02 1.68776896e-01
 -1.01372809e-01 -5.61095706e-02 -1.19267086e-01 -1.06949796e-01 9.61349705e-02 2.81933712e-01 5.32587371e-03 5.75610568e-02 2.23177730e-01 -1.08303782e-02 -1.79310030e-01 -1.79664687e-02 -7.04251542e-02 9.88022135e-02 -1.63405225e-01 -5.41757604e-02 2.00673018e-01 1.91480996e-01 -1.23989115e-01 2.92319341e-02 2.05008299e-01 -6.53933525e-02 2.56358158e-01 -9.09657327e-02 -1.03978506e-01 1.34120362e-01 4.18313760e-02 -1.62888464e-01 6.10099770e-03 1.47802495e-02 -1.79706174e-01 1.16086001e-01 1.51435223e-01 7.33784404e-02 -2.22198841e-01 -1.08224825e-02 9.01012175e-02 4.02756842e-02 1.06163846e-01 -1.95248189e-01 2.54461340e-01 1.22335072e-02 -1.54204642e-01 -2.32299596e-01 -1.01204954e-01 1.11892792e-01 5.38433323e-02 1.76505232e-02 3.43873121e-01 -4.13583579e-02
 1.00842443e-01 4.64900071e-02 -6.11654648e-02 5.23210720e-02 8.10069571e-02 -1.04522402e-01 -8.30791837e-02 8.21956202e-02 -1.04607546e-01 -6.48698041e-02 2.71240245e-01 1.13200178e-01 -9.73407260e-03 1.68888477e-01 -7.89453232e-02 4.00100051e-02 1.52632894e-01 -8.85231321e-02 1.18002654e-01 -2.39557304e-03 1.11686229e-01 1.11745670e-02 -9.93329480e-03 -1.33494372e-01 2.31190308e-01 1.04767383e-01 -8.73597718e-02 6.54931039e-02 -8.39385398e-02 1.66309472e-01 1.29344751e-01 4.24551540e-03 -1.34373146e-01 4.00979689e-03 -5.48340037e-02 -2.50709619e-01 -8.54247455e-02 -2.89987938e-02 -4.69342179e-02 1.06423161e-01 2.30432982e-01 4.35406633e-01 -1.71618433e-01 -2.69992669e-01 3.32606724e-01 1.83155226e-02 -7.96075589e-02 1.98655891e-01 2.39595906e-02 2.66558483e-02
 -9.27374114e-02 -3.80159352e-03 1.52268913e-01 -8.11863689e-02 -8.24831566e-02 1.66402958e-01 5.45301346e-02 5.51362515e-02 2.62741235e-01 -3.59923631e-01 2.20370308e-01 -2.02223836e-02 5.25289510e-02 -9.89635528e-03 -2.76808870e-02 1.37066186e-01 -6.89772052e-03 9.25117776e-02 -1.29704592e-01 1.60464402e-02 1.88382219e-01 1.81095833e-01 2.94064143e-02 -1.31403284e-01 -1.49858512e-01 4.01404758e-02 -1.14350679e-01 -5.65213537e-02 -2.79617611e-01 9.31437975e-02 1.43248553e-01 -1.47565778e-01 1.20313628e-01 1.70772972e-01 1.82813249e-01 -2.96887639e-02 2.68992274e-01 2.30863120e-01 9.14747371e-03 1.84731757e-01 -2.40820678e-01 1.12580638e-01 9.01432701e-02 7.48639682e-02 -1.14137099e-02 -7.43847033e-02 2.66790704e-02 1.17520290e-01 -5.85554697e-02 -1.54020615e-01
 -1.28443482e-01 4.69759447e-02 1.20707622e-01 -1.99719647e-01 4.19619725e-02 -4.01175957e-02 2.07958310e-01 2.48124527e-01 -1.31285068e-02 2.49956589e-01 6.46184092e-02 1.99732766e-02 -3.84748276e-02 6.18155602e-02 -3.45527947e-02 2.03004200e-01 -2.40502790e-01 -7.30804218e-02 2.98974314e-01 -1.34183204e-02 8.84862564e-02 -4.75014677e-02 -5.65153552e-03 -2.28435620e-01 1.41922526e-01 3.84924489e-02 2.78981382e-02 -1.81846899e-01 2.34096316e-01 1.60037574e-01 -3.56266876e-02 -7.49642325e-03 1.95859011e-01 1.41134969e-02 1.24977541e-01 1.31551517e-01 4.60220827e-02 9.06035694e-02 -1.17545960e-01 -3.58214672e-01 6.26206244e-02 1.92007940e-02 2.40991957e-01 6.70407359e-02 1.30309126e-01 -9.31506865e-02 -7.03918301e-03 1.24384977e-01 9.06613960e-03 -1.39269837e-01
 -2.67799643e-01 -2.73506195e-01 -3.80862134e-02 -8.44793987e-02 2.22877852e-04 -8.84125371e-03 -2.68472874e-01 -6.11034275e-02 -1.72230548e-01 1.75163978e-02 -6.94864675e-02 8.23275119e-02 -5.74485932e-03 1.54556858e-01 1.41843073e-01 7.05711340e-02 -1.60460221e-01 2.04471296e-01 -7.75099794e-02 -1.67923849e-01 -2.02311213e-01 -4.41865866e-02 8.74850809e-03 2.39707411e-01 7.05407269e-02 7.98401657e-02 -3.78012675e-01 2.06517278e-01 8.80890273e-02 1.68448877e-01 -1.68709781e-01 -1.62086978e-01 7.16686868e-02 -5.22387451e-02 9.11774592e-02 -1.53788352e-02 1.51033990e-01 -5.52694880e-02 -3.36985265e-02 5.96100536e-02 4.83471627e-02 -3.20425777e-03 -3.51405683e-02 -7.47919968e-02 3.04537098e-02 -1.11148974e-01 1.30865089e-01 1.02692567e-01 1.32733800e-01 -2.71555252e-01
 -1.81777200e-01 -6.53550937e-02 -1.23100818e-02 -3.60226238e-02 -3.64607460e-01 1.57371564e-01 4.11546614e-02 1.21327293e-01 -2.08884916e-01 -5.03428359e-02 -8.12298875e-02 -7.81543600e-02 -1.09230611e-01 -5.65315637e-02 -2.35761015e-01 1.15651114e-02 -6.63775858e-02 -4.19118755e-02 -1.96399125e-01 2.28365773e-01 -3.59433689e-02 -1.01083919e-01 5.24541494e-02 -1.83163513e-01 -4.22146280e-02 -2.45435143e-01 4.56230727e-02 2.39799657e-01 4.65504204e-02 5.18259327e-02 -1.11416265e-01 -2.57779394e-01 -2.30417284e-02 -1.43430048e-02 6.88889251e-02 -2.56619575e-01 -1.41051376e-01 -3.84438861e-02 1.56079519e-01 -1.49522029e-01 -1.93538511e-01 9.52390359e-03 1.23607861e-01 -2.04155423e-01 1.41693618e-01 -2.91665005e-02 -1.44017392e-01 -3.93827738e-02 6.04647900e-02 1.63010759e-01
 1.07872035e-01 1.90148730e-02 -8.15611401e-02 -1.87639320e-02 -7.94958529e-02 -1.51685966e-01 2.09900605e-01 -2.57117047e-02 -6.82172315e-03 1.47046272e-01 -6.51499005e-02 2.55838739e-02 -1.04920035e-01 7.34251618e-02 -1.24435134e-01 -1.81355914e-02 -9.85994314e-02 1.91947954e-01 1.61672506e-01 -8.00877636e-02 -9.00787790e-02 -5.34238799e-02 -9.81102921e-02 8.15662225e-02 2.04275721e-01 -2.27223349e-01 -8.15340979e-02 -7.23761366e-02 8.74035858e-02 1.75377817e-01 2.52212310e-01 -3.07501948e-02 -4.40678191e-02 1.92535508e-01 -7.65627347e-02 -1.93627335e-02 3.46138191e-01 1.86991469e-01 1.32279982e-01 5.96295190e-02 -2.13775409e-01 -3.18035007e-03 -2.45080302e-01 -2.21593423e-01 -2.75237018e-01 1.01034401e-01 -2.38295858e-01 -8.03426186e-02 7.47653832e-02 5.34340061e-02
 -5.43600089e-02 1.05017109e-01 1.10090125e-01 -1.44207107e-01 -6.04445173e-02 3.33704545e-02 -3.94502790e-02 1.88252610e-01 -2.38440919e-02 3.88976093e-02 -2.23577807e-01 1.61129516e-01 -1.60835112e-01 -2.42458868e-01 -8.22254136e-02 -3.39517900e-03 5.43879628e-03 -9.41703502e-02 5.67106324e-02 -2.06083471e-01 1.01587426e-01 1.65118853e-02 5.23606243e-04 2.04589588e-01 -1.20232263e-02 1.11133214e-01 2.32995805e-01 -1.45056019e-01 -1.11790795e-01 -2.67560247e-02 -6.89116094e-02 -1.54783193e-01 6.41569844e-02 -3.49163869e-01 -6.07621038e-02 -9.12682499e-02 2.61559552e-01 -1.33926125e-01 -8.02290207e-02 2.14971138e-01 -7.94399261e-02 -1.64803906e-01 -1.70324863e-01 -3.06213298e-03 2.03864793e-01 3.26697882e-02 -2.08536886e-01 2.77019995e-01 -2.47937061e-02 4.57082890e-02
 1.94484148e-03 -1.41241488e-01 1.15091074e-01 -1.23151896e-01 2.59268355e-01 2.75965652e-01 1.91698062e-01 -5.62459330e-02 -1.49146438e-01 1.15336756e-01 -4.00877975e-02 -3.25219138e-05 1.76111923e-01 6.41001336e-02 -1.24829892e-01 1.78692991e-02 -2.36461866e-01 -2.36350616e-02 -1.15174005e-03 1.65404226e-01 2.80938206e-01 -7.31529014e-02 7.91871094e-02 8.78522081e-02 8.76492593e-02 -2.79139825e-01 -8.75194271e-02 3.98429303e-02 -5.89659293e-02 -3.21948948e-02 1.27085194e-01 9.98844880e-02 -1.57225662e-01 -1.19821191e-01 6.77878552e-02 -1.77067115e-01 -6.16243267e-02 -4.06657237e-02 1.50426796e-01 2.53212629e-01 1.91550426e-01 -1.35533415e-01 5.92680292e-02 1.18069473e-01 -5.70470048e-02 2.68841464e-01 1.65548073e-02 1.09325015e-01 -6.89109890e-02 -2.00840941e-01
 -4.37389019e-03 9.14670067e-03 1.01099994e-01 -2.18900104e-01 1.52507314e-02 -1.39067494e-01 -3.00883090e-01 -1.31102460e-01 1.18058977e-02 -6.33154755e-02 -8.52563447e-02 -6.43271250e-02 -1.43555253e-01 5.33581388e-02 4.90014496e-02 1.27782352e-03 -1.31986056e-01 -1.74867335e-01 8.32236776e-02 -2.82406793e-04 -1.59026138e-02 2.91691670e-02 2.76464103e-01 -8.85269665e-02 2.41222897e-02 -1.77945598e-01 6.49290932e-02 4.60193716e-03 1.01517246e-03 -1.96588218e-01 -5.17100875e-02 2.57393679e-01 8.57399617e-02 -3.43348863e-02 1.33960735e-01 -1.73707785e-01 9.05310863e-02 5.47419752e-02 2.42193552e-01 -2.15414990e-01 -1.78335277e-01 2.31083230e-01 -3.88697404e-01 1.88192914e-01 5.92897845e-02 9.99453279e-03 5.70517058e-02 -6.31448298e-02 -1.26955955e-01 -1.30826400e-01
 -1.31522941e-01 -1.12071996e-01 2.45268721e-01 -6.02498391e-03 -1.18781950e-02 -8.78653281e-02 -6.63008725e-02 -7.67418514e-03 -9.98345967e-02 1.16372321e-01 6.06019444e-02 4.15831493e-02 -2.42966953e-01 -2.57537128e-01 5.00444180e-02 2.44692048e-01 9.24572693e-02 7.17441658e-02 -5.55093988e-02 1.35971653e-01 3.46671041e-01 -1.37369036e-01 -2.52742009e-01 -6.51239654e-02 7.24613182e-02 1.03695262e-01 -7.73093111e-02 2.62390972e-01 -4.03576530e-02 1.80990553e-01 -1.35456507e-02 2.17236861e-01 2.03819572e-01 1.25139616e-01 -2.77725817e-02 1.60137440e-01 -5.68843113e-02 -1.31682099e-02 7.73383591e-02 1.12190240e-01 6.07655252e-03 -8.24888270e-02 -2.27488771e-01 1.22819646e-01 -9.15428301e-03 7.19224373e-02 9.26991014e-02 -9.71670805e-02 3.38837594e-02 2.49492326e-01
