 -3.37151722e-02 -1.85645765e-02 -2.40831459e-01 -9.86574935e-02 1.56009479e-01 2.38935161e-01 9.59670939e-03 3.16838458e-01 2.79592694e-02 -1.05144070e-01 4.18388671e-02 2.93817697e-01 1.16028210e-01 -4.77586774e-02 -2.10343441e-01 -1.56654270e-02 -7.11581735e-02 4.57137005e-02 1.35565026e-01 2.56357413e-01 -1.18827374e-01 -8.67041113e-02 -1.95867555e-01 1.63987203e-01 -1.32010158e-01 -1.53961468e-01 9.89105443e-02 -4.45989165e-02 -1.16884862e-01 1.63750086e-02 2.16725832e-01 1.73023027e-01 1.30073699e-01 -1.34555648e-01 3.84236999e-02 3.08817615e-02 -7.70545522e-03 -1.88861325e-01 -1.06737942e-01 1.25708804e-01 -3.64236151e-02 1.28906558e-01 -4.47605751e-03 -2.56913642e-01 1.95855044e-01 1.09119208e-01 6.64140979e-02 -1.51496963e-01 -3.89663128e-02 -5.78890150e-02
 -1.92253831e-01 -1.05063549e-01 -1.66328867e-01 -3.14744211e-01 -9.37310310e-02 4.65297622e-02 9.33332302e-02 6.73894283e-02 -1.36875835e-02 -4.01123943e-02 -1.26889619e-01 -1.17527224e-01 6.53742256e-02 6.79292917e-02 6.41328453e-02 1.10715600e-01 -1.13802841e-01 2.20167606e-02 2.69959775e-01 -9.32296547e-02 -1.13451412e-01 1.62459321e-01 8.81955091e-02 5.56156619e-02 8.96596950e-02 1.66027793e-01 -2.69747928e-01 -8.84952314e-03 2.34400747e-01 2.36776710e-02 -1.00670661e-01 -9.72577388e-02 2.65934164e-01 1.30369445e-01 -1.88600097e-01 1.12105590e-01 2.23646539e-01 1.48936921e-01 1.17138444e-01 9.61065578e-02 -8.94470915e-02 2.12546494e-01 -8.33806236e-02 -1.18780743e-02 2.10372341e-01 2.41485070e-02 -1.85214964e-01 -1.55755092e-01 1.40454355e-01 3.16002420e-02
 -1.22293685e-01 2.13153534e-01 -6.86523370e-02 -2.24955980e-01 -5.90162409e-02 -2.95028271e-01 -1.49385215e-01 4.65596603e-03 -1.04504403e-01 -8.06421292e-02 -1.76438958e-02 -2.65678663e-02 -6.05038974e-03 9.47799477e-02 8.14473784e-02 3.47740036e-02 4.23795361e-01 -1.13363945e-01 1.73481388e-01 6.12239524e-02 -1.27677161e-01 -5.25312889e-02 6.37066029e-02 -4.03763895e-02 -1.20762025e-01 -5.27607143e-03 7.49462196e-02 -1.14250765e-01 -2.50651610e-02 -2.20610394e-01 -1.45355030e-01 1.58755242e-01 6.47861445e-02 1.38707905e-02 1.36463441e-01 1.67993177e-01 -1.99068729e-01 -1.29314878e-01 -3.96476053e-03 -2.48274517e-01 2.94152024e-02 -1.04576068e-01 2.78623270e-01 -3.86761600e-02 1.59198861e-01 -5.09388142e-02 1.86449442e-02 -1.19969965e-01 2.10200568e-01 9.55772350e-02
 1.14637507e-01 1.02532007e-01 -2.01585895e-02 -1.36899420e-01 -1.03838704e-01 -2.32274118e-02 7.77047431e-02 9.86072681e-03 -1.02453140e-02 1.25142139e-01 1.05557552e-04 -5.41168731e-02 5.77679738e-03 4.62658036e-03 -1.19621108e-01 -1.36538861e-01 4.23706416e-02 1.15010938e-01 -1.08833877e-02 -2.06495207e-03 -2.86844421e-02 -6.59097075e-02 1.32252290e-01 1.30023658e-01 4.70155540e-01 1.80187178e-01 2.65184707e-01 2.71610935e-01 4.08214913e-02 -1.24977482e-01 1.29911462e-01 -1.24774240e-01 6.95197853e-02 -1.29423912e-01 2.20477300e-01 7.34407217e-02 -1.48047622e-02 -9.73976437e-02 7.32529603e-02 -1.87634778e-01 4.37004179e-02 2.24120502e-01 -8.60847747e-02 1.18075167e-02 3.03839680e-01 -6.52008010e-04 6.84911976e-02 2.49051991e-01 -1.88078723e-01 7.76132999e-02
 -2.40081594e-02 -2.20798471e-01 -9.68968416e-02 1.30103221e-01 -3.33722033e-02 -1.76978979e-01 -8.77575133e-03 2.14813757e-01 -2.10024995e-01 -1.59794831e-01 -2.67825561e-02 -7.76089737e-02 -1.06180470e-01 -1.07583688e-01 -6.52197421e-02 1.66635281e-01 1.23972479e-01 4.92705476e-02 3.96560192e-01 -6.77711837e-02 1.04553449e-02 -5.53577770e-02 -8.52536621e-02 -2.02570953e-01 -5.53265980e-02 -1.07281914e-01 -2.14501849e-02 1.91616809e-01 1.83214237e-01 1.06539529e-01 2.63018705e-02 -2.12727813e-01 -3.22935526e-01 -1.11840103e-01 -1.38739942e-02 -3.34639779e-01 -9.56293581e-02 -5.21380389e-02 1.37157552e-01 -1.07385469e-01 1.16371356e-01 5.60746076e-02 -1.24909507e-01 -1.22419450e-01 5.08459289e-02 6.15014998e-02 7.47401520e-02 1.64594706e-02 -2.16684551e-02 9.77632804e-02
 -2.05214783e-01 3.02632845e-02 3.42783890e-02 9.28463445e-02 7.12333537e-02 2.38496116e-02 1.11342215e-01 2.11375577e-01 -1.45845255e-01 1.54348547e-01 9.08300088e-02 -1.93155604e-02 -4.99502841e-02 -3.76763972e-02 -1.40318304e-01 -6.71697810e-02 -9.26110636e-04 -1.71491344e-03 1.11793898e-01 7.13522431e-02 1.08601853e-01 1.36983084e-01 -2.50587620e-01 -4.12229604e-02 1.05820621e-01 2.56862639e-01 -2.29802071e-02 7.57279314e-02 -2.66755369e-02 3.69596341e-02 -6.91049950e-02 -1.05251624e-02 2.81110165e-01 9.15869054e-02 6.64706944e-02 5.43214656e-02 1.21403257e-01 2.68117214e-01 4.54950888e-02 -2.63625340e-01 8.59072018e-02 -3.73011967e-01 3.57222134e-02 -2.50217332e-01 -1.43981990e-01 -1.33521153e-01 2.74464321e-01 -3.79541536e-02 -8.83925704e-02 -1.14257590e-01
 4.45094739e-02 -1.84253171e-01 3.10020882e-03 4.98482295e-02 1.59567104e-01 6.10673162e-02 -2.46211931e-02 2.06199054e-03 6.18371006e-02 8.09761277e-02 -1.93974838e-02 6.81082896e-02 -1.70129705e-01 2.59508935e-01 -5.50664400e-02 1.54153694e-01 8.13375515e-02 4.36669788e-02 4.62851214e-03 -9.19348472e-02 -3.41716978e-01 2.65225548e-01 1.11791469e-02 5.70506253e-02 5.21196788e-02 1.65458218e-01 5.24393495e-02 -1.82428437e-02 6.11913981e-02 -3.04176682e-01 5.77313655e-02 3.27067740e-01 -1.43569848e-01 -1.29982617e-01 -3.30299187e-03 -1.56457482e-01 5.79163268e-02 2.29457700e-01 -3.66071902e-03 1.24149782e-01 9.84851797e-03 -8.46712107e-02 -1.32027834e-02 4.97666109e-02 2.32890471e-02 2.46168059e-01 2.17166776e-01 2.22521097e-01 2.11834984e-01 3.73715431e-03
 -4.87079637e-02 1.30009181e-01 -1.73390005e-01 -1.49314639e-01 2.40191398e-01 1.93196633e-01 -6.41147538e-02 4.32857285e-03 -1.12458503e-01 1.16501929e-01 2.40038741e-01 -3.62455403e-01 1.29006462e-01 8.50143340e-03 8.29423365e-02 2.53426254e-02 7.31762782e-02 6.02496879e-03 -1.31060884e-02 2.23183068e-03 2.10715407e-02 -1.52830882e-02 -3.78376379e-02 -7.68212639e-02 -9.51765105e-02 -2.80401354e-01 -1.14658211e-01 2.29729204e-01 4.26835722e-03 -2.22231561e-01 2.67918682e-01 -1.08732826e-01 -2.00182949e-01 5.59437171e-02 -1.15299942e-01 1.76603185e-01 1.69491607e-01 6.80814611e-02 3.77763527e-02 5.29600646e-02 1.48147673e-01 -1.65001315e-01 1.02758895e-01 1.75491763e-01 1.50003127e-01 -3.56406487e-03 2.21381677e-02 6.97880149e-02 -8.28610367e-02 -1.97556996e-01
 -4.56197660e-02 9.62129436e-02 -1.19963734e-01 -1.53351520e-01 2.82987871e-01 -2.07052763e-01 -2.26965213e-01 -1.96786546e-01 -8.36565422e-02 1.45653958e-01 -2.00793815e-01 1.31916885e-01 7.88751304e-02 3.33176052e-02 -5.97924473e-02 -8.13093850e-02 -1.39155382e-03 2.85517047e-01 -1.03980021e-01 -3.47597133e-02 -1.33639993e-02 2.09923436e-02 -1.28069670e-01 -1.01100488e-01 1.76366428e-01 1.01439066e-01 -1.33489512e-01 -1.23025127e-01 -7.65912060e-02 2.09750287e-01 6.23517478e-02 -1.04430432e-02 -2.62958239e-02 -7.08646207e-02 6.18249594e-02 -3.52064865e-01 2.63787609e-01 -1.19680261e-01 -1.77210093e-02 -1.09925356e-01 2.08153176e-01 -5.72024157e-04 1.81678451e-01 3.02415431e-02 2.67406718e-02 9.85284639e-02 -1.82096124e-01 -9.42112632e-02 3.11018563e-02 -1.57016820e-01
 5.44263965e-02 -1.04429128e-02 8.93328937e-02 -1.76663363e-02 -4.07072924e-03 -9.90358408e-02 -1.22560577e-01 -5.22210871e-03 -6.87407563e-02 -2.50057833e-02 -1.93499430e-01 1.58240801e-01 1.15989390e-01 -3.22732702e-01 6.95055315e-02 1.77454243e-01 1.05785498e-01 -1.13296432e-01 -2.63658015e-02 -1.75053576e-01 1.42297600e-01 -1.56565755e-01 -4.12399845e-01 -1.05694497e-01 4.17096298e-02 1.87240160e-01 -1.23680071e-01 7.47333352e-02 -9.07834390e-02 -2.31624799e-01 2.77635356e-01 -2.01797601e-02 -5.62626015e-03 5.65183239e-02 3.01959982e-02 1.59453776e-01 6.76245036e-02 2.09872202e-01 -2.52286352e-01 8.03036408e-02 -7.43556180e-02 2.35261369e-01 2.10451397e-02 1.77052142e-02 -2.81243716e-02 -5.01877803e-02 3.09783882e-02 9.73858536e-02 1.22116489e-01 1.58076304e-01
 1.60312359e-01 -1.00372143e-01 2.05197179e-01 -1.91349081e-01 -1.81502620e-01 1.32499293e-01 -1.15830558e-01 7.09189715e-02 -2.40983962e-01 3.25290564e-03 3.67967932e-01 1.46168005e-02 -4.93161709e-02 -6.16955563e-02 2.74879581e-02 -5.08912132e-02 -1.72475335e-01 8.35633137e-02 1.20162509e-01 -1.64872670e-01 3.97098692e-03 -1.26765494e-01 1.53419625e-01 5.00108109e-02 -9.60516340e-02 2.41950774e-02 2.23194485e-01 -2.05680067e-02 -1.28595333e-01 1.00695344e-01 1.62239649e-01 -7.61594372e-02 1.29033666e-01 9.54346264e-02 -3.90723288e-02 -1.93252683e-01 1.13745217e-01 5.17531236e-02 -2.65716046e-02 -4.08752945e-02 -1.90597497e-02 -2.30719738e-02 2.90745149e-01 -1.14277352e-01 -3.32156311e-02 9.15619232e-03 -9.92946035e-02 1.79636041e-01 3.86667558e-01 -3.71445060e-03
 -1.60439308e-01 -2.92509790e-02 -1.02517801e-01 -1.01449604e-01 5.96476768e-02 1.52158555e-02 -3.48784265e-02 2.90827267e-02 -3.24478467e-01 -1.39352687e-01 1.09223251e-02 5.59069912e-02 1.30872383e-01 -2.23097991e-01 -5.75639478e-03 -3.37963768e-01 5.21829457e-02 -3.03865921e-01 -2.26217903e-01 -7.16688781e-02 -1.02696606e-01 1.54570807e-01 5.57789029e-02 4.44557290e-03 -1.23618516e-01 6.98756342e-02 5.29871808e-02 -1.97099957e-01 2.21579046e-01 -2.13484023e-01 6.74455513e-02 -1.62776180e-01 2.09190795e-01 2.11054539e-02 2.74229458e-02 -3.13556092e-01 -1.01602196e-01 -4.73244033e-02 7.95269888e-02 1.12520595e-01 -4.03704603e-02 -5.03390341e-03 -5.82013987e-02 1.52090140e-01 -6.67161231e-02 7.22978385e-02 8.69251949e-02 9.74013721e-02 -1.74972590e-01 2.89222574e-02
 1.93982987e-01 5.42227095e-02 5.64618374e-02 -2.36306601e-02 2.87889805e-02 -3.32606103e-02 -3.64838982e-01 1.33037336e-01 -2.04661640e-03 -6.01525835e-02 1.42091187e-02 -1.32327667e-01 1.59225907e-01 2.58965092e-01 1.88636286e-01 3.44433529e-02 5.16311643e-02 -4.81016098e-02 -9.19642339e-02 1.27672263e-01 -2.20899056e-01 -1.81928140e-01 3.18754270e-02 2.46409728e-01 -3.97451232e-02 1.67551332e-01 -1.64836767e-01 9.84165474e-02 1.38657786e-01 4.14224283e-02 -1.27549311e-01 -2.05338694e-01 1.94715175e-02 -1.00266403e-01 -9.52604620e-02 -4.75691984e-02 1.88323056e-01 -1.14660159e-01 -2.20241325e-01 1.01665085e-01 6.57016809e-02 -2.62324834e-02 -5.40198474e-02 -2.62417539e-01 -1.78963861e-01 -1.35695575e-01 1.96236218e-01 6.14412890e-02 -1.14110149e-01 1.46339866e-01
 2.38750614e-01 5.18643417e-02 1.02807852e-01 -1.61997197e-01 1.39053340e-01 -2.99035119e-03 -7.91583202e-02 -1.78322845e-02 -5.70634728e-02 1.05156527e-01 -1.35720093e-01 -6.04468671e-02 -2.78815211e-01 1.12929632e-01 6.10149808e-02 -2.99408396e-01 5.70106500e-02 2.35523552e-03 -6.51373954e-02 6.31757861e-02 3.46023003e-01 2.11501866e-01 -9.71585234e-02 9.63733984e-02 -1.30920022e-01 5.45097856e-02 7.08106939e-02 1.00791115e-01 -2.22306171e-02 -8.93982890e-02 4.78113846e-02 -9.91710042e-02 3.06444532e-03 -1.50649790e-01 -3.16105074e-01 -6.70960591e-02 -2.64595202e-01 1.32820986e-01 -3.18118468e-02 3.81622334e-02 5.13729048e-02 3.25848077e-02 -1.81546560e-01 -1.79782342e-01 1.90671178e-01 -2.83321109e-02 -4.91346463e-02 -2.33946113e-01 1.61759022e-01 6.74546969e-03
 -2.53889644e-01 1.59592877e-02 1.05095986e-02 -6.29831926e-02 -8.90243351e-02 4.33113356e-02 -3.23557036e-02 3.58475008e-02 1.27586105e-01 1.11683600e-01 -7.08590871e-02 -2.42162601e-01 -1.41776880e-01 -2.65053890e-01 -3.47286765e-03 -5.94893960e-03 6.69312623e-03 -6.34596067e-02 -2.66079602e-01 1.67792008e-01 -1.08898596e-01 5.48502078e-02 -1.01815341e-01 3.89508223e-02 -3.85831883e-02 2.59898828e-02 1.00036526e-01 8.40941364e-02 2.65234351e-02 4.23820804e-02 -1.47457272e-01 1.40550915e-02 -2.60382228e-01 -3.03656431e-02 -1.94882796e-01 -1.09802416e-01 9.87714282e-02 2.61454935e-02 -2.81677271e-02 -1.82319749e-01 -4.21092251e-01 1.74698099e-01 3.15793805e-01 -2.40926365e-01 4.59770192e-02 1.47496001e-01 -1.28540827e-02 5.96327585e-02 -6.65583890e-02 -4.40299010e-02
 -3.29233432e-03 2.35981868e-02 1.45309140e-01 2.13185053e-01 1.70583660e-01 1.74692800e-01 -1.82353514e-01 6.41738993e-02 5.52489635e-02 -3.55058664e-01 -4.18152209e-02 1.06632789e-03 -2.73830687e-02 6.58579905e-02 -1.15779920e-01 -2.36785173e-02 3.08794264e-01 2.65849108e-02 -3.66525975e-03 1.34317510e-01 3.61973399e-02 2.16113811e-02 1.50880432e-01 -2.56828373e-01 1.07683691e-01 -1.11335519e-01 1.37736312e-01 2.48740012e-01 -9.30214314e-03 -1.18817020e-01 -1.29075634e-02 6.14389311e-02 2.83801534e-01 -7.36214905e-02 -7.06507654e-02 -1.19938715e-01 2.75243772e-01 7.33589003e-02 2.32609920e-02 -8.96662891e-02 -1.99237043e-01 1.12126518e-01 -5.32057307e-02 1.05774150e-01 -1.05794621e-01 -1.49896632e-01 -2.24916978e-01 -7.07170472e-02 5.70351016e-02 -6.71632983e-02
 -1.34155121e-01 -1.47786757e-01 -1.33575794e-01 -1.30750902e-02 -4.50232350e-02 2.45549902e-01 -3.41327113e-02 -1.30150502e-01 -4.92240986e-02 1.69384075e-01 3.21548372e-02 3.21831006e-02 4.28450897e-03 1.56835112e-01 9.35790180e-02 2.24850440e-01 1.63533450e-01 5.40435229e-03 -9.94838182e-02 8.75494334e-02 8.17561386e-02 2.07358822e-01 9.19103456e-02 -1.35883198e-01 -6.66743685e-02 -5.78350112e-02 8.05549698e-03 1.85724360e-02 -1.00227716e-01 2.78518318e-02 -2.11079061e-02 -4.04202399e-01 1.13404330e-01 4.08602016e-03 3.29084790e-01 4.19789562e-02 -1.22796949e-01 -1.21956263e-02 -3.50471195e-01 -1.37353833e-01 -2.66988261e-02 8.58179857e-02 -1.42023027e-01 -1.13455288e-01 -1.02439008e-01 3.09836736e-01 -3.91366044e-02 3.15730984e-03 9.84604085e-02 -4.60915169e-02
 -1.48726660e-01 2.54391457e-02 -6.07274463e-02 -1.71307726e-01 -1.59504146e-01 6.43027698e-02 6.86099353e-02 -4.90018075e-02 -2.87971340e-02 -4.95644818e-02 -1.29822117e-01 8.76133876e-02 2.47981206e-01 2.88749945e-02 8.65319350e-02 -2.34109542e-01 4.14385511e-02 1.40699032e-01 -1.01166398e-02 2.49499768e-01 -8.73269353e-02 -2.28750073e-01 -1.24037639e-01 -2.32451435e-01 -5.99442387e-02 9.69333011e-02 9.66737631e-02 9.27366792e-03 -1.25242606e-01 8.82004798e-02 -1.13027179e-01 -1.87050004e-02 -1.29336622e-01 -1.27300633e-01 -1.72508661e-01 7.49450627e-02 2.64281329e-02 5.87056772e-02 8.41443162e-02 -6.45678664e-03 -8.05700927e-02 -2.60367237e-01 -3.80396973e-01 5.55052557e-02 5.58641818e-03 6.42001793e-02 -3.11404329e-02 3.28154809e-01 2.61487234e-01 9.52854318e-04
 -1.83157575e-01 -8.71936821e-02 -2.19913059e-01 2.89099362e-01 2.64951501e-02 4.24108938e-02 -1.36829160e-01 -4.43780064e-02 -8.18735567e-02 1.10910110e-01 -1.72206352e-01 -2.98012371e-01 2.12705110e-01 -7.81714609e-02 -2.87683422e-02 1.71389881e-03 -1.80705145e-01 5.97683496e-02 -1.47308811e-01 -2.92441179e-01 7.40791188e-02 -2.13247359e-01 1.40734654e-01 8.50155484e-02 -1.49844772e-01 -1.14905933e-02 4.35981231e-02 1.16629633e-01 -1.83857007e-01 -1.02158874e-01 -1.65127249e-01 1.46714947e-01 1.79443422e-01 -2.70732008e-01 9.02018733e-02 -2.54493470e-02 -7.48208879e-02 4.93930609e-02 1.47787001e-01 -4.14093698e-05 9.93163402e-02 1.20458169e-01 -3.90226694e-02 -1.16791778e-01 5.11606000e-02 -5.33065222e-02 1.18761762e-01 -8.23785269e-02 2.26584075e-01 -1.05704129e-02
 -1.57499737e-01 9.74995005e-03 1.94207125e-01 3.54530325e-02 1.89940460e-01 1.30688617e-02 1.48860681e-01 -6.84033752e-02 -5.79904182e-02 2.89243737e-01 2.30124010e-01 2.90029980e-03 -1.86149763e-01 -1.57652998e-01 -5.31754325e-03 -9.76931287e-02 5.87289321e-02 1.34294511e-01 -3.94010295e-02 -7.88609540e-02 -1.95467716e-01 -8.72816758e-02 -1.22042528e-01 1.95507038e-02 4.32542656e-02 -1.24881313e-01 1.98627569e-02 -9.06271852e-02 1.39625943e-01 -2.22083071e-01 -4.43745256e-02 -5.54536080e-02 -4.76501311e-02 -1.56470603e-02 4.43428182e-02 1.01254217e-01 2.26044136e-01 -3.12980613e-01 6.26038568e-02 2.37931810e-03 -3.75137689e-03 5.05196088e-02 -2.84223839e-01 -1.17139434e-01 -1.60718045e-01 -6.82443703e-02 -9.55898243e-02 -2.06458469e-01 2.13036211e-01 2.85061506e-01
 1.33599837e-01 2.65462711e-02 6.23265654e-02 -1.46688590e-02 2.68075395e-02 -8.27155070e-02 -1.07055227e-01 -9.81140134e-02 -2.26086786e-01 2.07470572e-01 -2.34710371e-01 -1.10510541e-01 7.31604442e-03 1.18225640e-01 -3.91867603e-01 1.89420610e-01 1.22404034e-01 9.36486423e-03 -2.36578421e-02 1.99756806e-01 1.34841921e-02 -6.04568431e-02 4.36867390e-02 -4.06960876e-02 -1.66680389e-01 -3.63486545e-02 2.52261279e-01 -2.06988441e-01 2.37220703e-03 9.58622751e-02 5.67301267e-02 -1.00972668e-01 1.21182814e-02 3.14975658e-01 -3.51657551e-02 1.41922669e-01 1.13923492e-01 4.75233234e-02 3.07124823e-01 1.82314424e-01 -4.69366738e-02 2.05364464e-01 -5.89377013e-02 -4.22012609e-02 -7.72570250e-02 -4.57890598e-04 1.96934783e-01 4.53288054e-02 -4.77700912e-03 -5.13960937e-02
 -2.24880798e-01 -7.96012256e-02 1.69567061e-01 -9.96356697e-02 -9.14433892e-02 2.75213240e-02 -9.13438000e-02 -1.68676176e-01 6.56199362e-02 -1.66782178e-01 3.51069826e-02 1.57507445e-02 5.77199545e-02 9.48014155e-03 2.70528158e-01 -1.37556170e-02 2.49400671e-02 -1.67801231e-01 -1.37737469e-01 7.33847992e-02 -1.08180753e-01 1.78560665e-01 -6.42578582e-02 -7.32997222e-02 4.67257692e-02 3.79602308e-03 1.97644861e-01 1.35672974e-01 7.18433974e-02 2.09243096e-01 2.18722948e-01 1.19640899e-01 -1.27840311e-01 -2.70496015e-02 2.80914739e-01 7.16961409e-02 1.80378907e-02 1.31390449e-01 2.77422461e-01 2.11754105e-01 2.95896414e-01 8.03427610e-02 -1.32595445e-02 -3.08413655e-01 -1.79500068e-03 -1.45162645e-01 -6.40811575e-02 -1.17520635e-01 1.37297806e-02 -4.58377304e-02
 1.08985918e-02 8.22432271e-02 1.36787243e-03 1.21996241e-02 1.74899784e-01 1.46600898e-01 1.91152082e-01 -5.90558717e-02 -1.98147094e-01 -9.70251673e-02 5.82580139e-02 2.27304206e-01 3.23570653e-02 5.49533305e-02 -1.63034648e-01 -1.72335394e-01 5.39815509e-02 1.47830313e-01 -2.94757844e-04 -8.95874792e-02 -2.83614133e-02 1.77035162e-01 5.03233314e-02 -1.29434176e-01 -1.25648449e-01 1.08042170e-02 -1.68888620e-01 6.48931098e-02 -9.57890016e-02 -5.97363395e-03 -4.00321876e-01 -1.14767207e-01 -1.91639666e-01 -6.81906446e-02 6.27137375e-02 1.46709242e-01 -1.87377827e-02 9.51203424e-02 -2.87880389e-02 1.81865316e-01 7.98174965e-02 2.45172321e-01 2.74560993e-01 -1.60095510e-01 6.45647762e-02 -2.50718886e-01 -2.07073458e-02 2.49643353e-01 -4.30577950e-02 1.09576179e-01
 8.62120349e-02 1.16694900e-01 -2.96599570e-02 2.06961216e-01 -1.16466797e-01 9.26174725e-02 1.94773152e-01 -8.00024099e-02 7.61006090e-02 -9.44693613e-02 -1.36330797e-01 -8.04335890e-02 -3.46993775e-01 1.52950027e-01 1.19171075e-02 -6.05641802e-02 -9.91187366e-02 -2.33592473e-01 -6.05084019e-02 3.90206804e-02 -2.32994943e-01 -2.91670588e-01 -2.06390577e-01 -1.01655283e-01 -5.40868407e-02 -4.09738136e-02 -7.19596527e-02 -2.01680883e-01 2.77882471e-02 -1.00375551e-01 1.96409689e-02 -2.62567570e-01 8.48355007e-02 -3.64635078e-03 1.66287058e-01 -1.38707384e-01 1.34203214e-01 7.41212842e-02 -4.78212154e-02 -1.26778059e-02 9.94689254e-02 -1.07807420e-03 4.32990155e-02 -4.43621534e-02 3.25183953e-01 -1.38004050e-01 -2.27830837e-02 3.40493661e-02 1.23057307e-01 -2.31256019e-01
 -2.40635123e-02 -1.52596350e-01 8.66389123e-02 -6.74904866e-02 -1.60323073e-01 1.47718567e-01 -9.11465924e-02 -1.56756596e-01 4.59820721e-02 -1.49207648e-01 -5.30750374e-03 1.05568637e-01 -6.64029289e-02 -2.23603479e-01 -1.88006776e-01 1.13654261e-01 -6.97626504e-02 -6.95524202e-02 -2.21180815e-02 3.44439893e-01 2.01278018e-01 2.40381153e-02 1.62602421e-01 1.87965836e-01 -1.13813087e-01 1.50863590e-01 -1.38812462e-01 -1.22847295e-02 -1.55903972e-01 -2.24885876e-01 -9.65573987e-02 -1.03096137e-01 -1.47322799e-01 -1.07849384e-01 5.44313394e-02 -3.19765069e-02 2.91987150e-01 -2.33382259e-03 1.22614136e-01 -1.03116335e-01 2.73993049e-01 -1.23623612e-01 3.78397290e-02 1.60224197e-01 1.25689429e-01 6.52383211e-02 8.23487760e-02 -1.48422570e-01 8.79030522e-03 2.21672282e-01
 8.42048241e-02 1.49856254e-01 2.71964672e-01 -1.42422890e-01 1.18907477e-01 -5.42519897e-02 3.02854041e-02 1.13545424e-01 1.25971264e-01 1.22884731e-01 7.49586175e-03 1.69937189e-01 2.40379035e-01 -3.65543276e-02 -1.21746596e-02 3.60483992e-01 -1.08416767e-01 -1.47329275e-01 -4.12310752e-02 -1.98986935e-01 -1.55530358e-02 1.46226102e-01 -7.77094083e-02 -2.84304524e-02 -2.41372093e-01 1.03176899e-01 1.62435393e-01 1.93410136e-01 -2.86143035e-02 -6.58798239e-02 -2.28896505e-01 -1.29769162e-01 -8.28349226e-03 -3.22065761e-02 1.04667607e-01 -1.60344402e-01 4.41192182e-02 -1.89806558e-01 1.17197141e-01 9.93655437e-03 -1.50723085e-01 -1.54402506e-01 -1.44384022e-01 4.19086836e-02 2.44794721e-01 -1.13022997e-01 -6.05701779e-02 -2.14612741e-02 -5.86533648e-03 -2.24214994e-01
 -8.70350858e-02 2.79459799e-01 5.07919002e-02 1.80817557e-01 1.13192424e-01 -2.87437205e-01 1.16162286e-01 -2.07952411e-01 -8.28374278e-02 -1.58052604e-01 8.02695828e-02 -2.58839159e-01 3.89073536e-02 -9.30019578e-02 7.26083975e-02 1.26398407e-01 -1.69159937e-01 -1.36487545e-02 2.59098268e-01 1.92125785e-01 7.89525350e-02 3.27574057e-01 2.48041315e-02 8.99358735e-02 -4.55508846e-02 7.17220209e-03 7.46885706e-02 -2.03213714e-01 -1.21890396e-01 3.34172522e-02 1.59911748e-01 -3.08596374e-02 1.03905572e-01 -3.06342501e-01 -1.75708979e-02 1.80850340e-02 1.36245848e-01 -6.89360815e-02 -1.45148803e-01 8.63431762e-02 -8.92694490e-02 3.40184572e-02 -7.47470344e-02 -7.25060346e-02 2.80591126e-02 -1.15884126e-02 -9.67945960e-03 2.49615452e-01 3.98456460e-02 4.00326884e-02
 -2.08127886e-01 8.36956870e-02 -5.08844180e-02 1.19097837e-01 -1.21971931e-01 3.43153116e-02 -1.07260217e-01 6.99274730e-03 -1.41981983e-02 1.31422705e-01 4.20737877e-02 1.27583280e-01 -2.27458235e-01 1.68250106e-01 -3.77950916e-04 -5.02736839e-02 1.07627919e-01 5.26990722e-02 -3.90773473e-02 -5.94064704e-02 2.42384686e-01 -1.94163037e-02 -1.43990613e-01 1.31799242e-01 -3.94355113e-01 9.19413383e-02 -1.09673241e-02 1.75246397e-01 3.69238059e-01 2.81199226e-01 9.15859669e-02 1.39678562e-01 1.13983655e-01 -1.19183452e-01 1.16581985e-01 8.03943341e-02 1.69107691e-01 -1.06288908e-01 1.34269396e-03 1.96176642e-02 -4.19028514e-02 2.66473153e-02 4.85646082e-02 2.64317461e-01 1.19122725e-01 3.34239992e-03 -1.75984134e-02 1.99492748e-01 -1.50884198e-03 1.26144943e-01
 -1.61580999e-02 -2.19083041e-01 8.36856350e-02 3.51166630e-02 -1.05195872e-01 -1.68072668e-01 2.34728875e-02 -3.06348415e-02 -4.23501242e-02 2.01336648e-01 -7.33902629e-03 1.47373353e-01 1.22697232e-01 9.53169049e-02 1.20132986e-01 -5.56005107e-03 -2.14644189e-01 -9.54796486e-02 -3.24056316e-02 1.96394761e-01 8.07084655e-02 5.98665812e-02 4.14056962e-02 -2.19585617e-01 -9.56200630e-02 -2.22187946e-01 -3.82422778e-03 3.59133932e-02 1.44727199e-01 -2.35245958e-01 -5.85915619e-02 2.57954930e-01 1.26108771e-01 1.42198890e-01 -2.32476857e-01 -5.45947543e-02 1.01365548e-01 -1.08639649e-01 -1.57663322e-01 -2.65450877e-01 2.85574379e-01 2.28515256e-01 -4.12393369e-02 -1.33002680e-01 8.56550836e-02 -8.14341376e-02 1.32297582e-03 2.18714679e-01 -8.83311100e-02 -7.58950221e-02
 6.79057376e-03 2.25830582e-01 2.66386605e-02 1.09624000e-01 3.37988343e-02 8.25928832e-02 -1.69110727e-01 3.96394728e-01 -4.53518816e-02 2.21862852e-01 2.79284622e-02 8.31041517e-02 -2.21354320e-02 5.99394378e-02 8.19663907e-02 -2.36182553e-02 -9.56852579e-02 -3.01950403e-01 4.40833897e-02 1.07023569e-01 2.70330213e-01 -6.10682147e-02 2.07396070e-01 -2.03043145e-01 2.05193002e-01 1.06305099e-01 -2.21500830e-01 -2.03139352e-01 5.52884517e-02 -7.36781290e-02 3.85378740e-03 5.38111375e-02 -1.67797113e-01 -1.52393849e-01 1.27321366e-01 6.85039923e-02 1.71809985e-02 -4.62481105e-02 2.35637143e-01 1.00135936e-01 -5.42224051e-02 5.99075467e-02 1.86086048e-02 -1.10830607e-01 -5.13752570e-02 1.72108483e-01 -1.62906357e-01 9.56682823e-02 1.09170252e-01 -5.48603199e-02
 -1.07569268e-01 1.65711841e-01 2.94173348e-01 5.55998176e-02 -1.10164759e-01 1.14177401e-01 -2.28055347e-02 3.11152691e-01 -3.88351938e-01 -1.20430507e-01 -1.70582170e-01 -1.89484227e-01 -5.76580726e-03 7.02113677e-02 2.75305159e-02 -5.50854363e-03 -2.24614654e-01 1.22315589e-01 -4.53514777e-02 8.46361570e-02 -1.33804306e-01 1.03602478e-01 -1.52898455e-01 4.16302288e-02 5.44249389e-02 4.10214307e-02 1.41628456e-01 3.79883488e-02 -1.72971018e-02 1.61372917e-02 -1.50343118e-01 9.58927673e-02 -1.40528165e-01 7.33230698e-02 7.80729415e-02 7.43466944e-02 -5.57944721e-02 -4.05864519e-02 -2.46127331e-01 -1.06381861e-03 2.00118773e-01 1.32231603e-01 -2.18648848e-02 3.30167282e-01 -2.28348939e-02 1.28421280e-01 -4.99488644e-02 -1.79993735e-01 3.35970246e-02 -6.10478950e-02
 1.57336931e-01 1.22077995e-01 -7.07953509e-02 -2.60859587e-01 3.54689911e-03 -3.32547068e-03 -2.50143653e-01 -1.31387590e-01 9.25453935e-02 -1.05218267e-01 3.74715397e-01 -1.31579329e-01 -2.01924948e-01 -1.43551150e-01 -1.12224632e-01 8.78589660e-02 -1.17814676e-01 -3.46816635e-02 -2.36347865e-02 8.02489833e-02 -2.46383653e-02 -1.67484629e-02 -2.90024903e-01 -1.69673588e-01 5.52207249e-02 -5.55758969e-02 -1.49245169e-01 3.85032438e-02 1.64195399e-02 7.28802999e-02 -3.10668694e-01 1.38879588e-01 2.07360264e-01 -8.09850414e-02 7.92345770e-02 -2.23954343e-02 -1.51882452e-01 3.60050765e-02 1.23945050e-01 7.56114643e-03 7.72507007e-02 2.33868683e-01 -1.60914297e-01 1.10449302e-01 -1.03316699e-01 1.19370303e-01 1.53580466e-01 9.45399992e-02 3.37486674e-02 -8.80672327e-02
 4.97218376e-02 3.29584505e-02 1.04891076e-01 1.60081974e-01 1.09656016e-01 2.79510889e-01 -3.04125635e-01 -1.88083762e-01 6.44601742e-02 -9.70677049e-02 -2.11851351e-01 5.68391148e-02 1.02587570e-01 -2.26830811e-03 -4.36760270e-02 -8.93202728e-02 -2.32014913e-01 2.36441130e-02 1.82653828e-01 -2.06560421e-02 -1.48235191e-01 1.84593606e-01 -1.57569814e-01 1.45394376e-01 -1.18958353e-02 -5.66517475e-02 -1.38312801e-01 1.06590842e-03 1.58579302e-01 -5.09956030e-02 1.29458921e-01 -1.23849220e-01 -3.03626381e-02 1.19415313e-01 3.85773125e-03 1.61126012e-01 -2.39694046e-01 -1.55364420e-01 2.40492455e-01 -3.78711891e-01 -7.99399395e-02 -3.87390960e-02 6.22062194e-02 -3.83779802e-02 -5.94548160e-02 -2.54130161e-02 -4.16885664e-02 1.66021834e-01 1.27288972e-01 1.54740243e-02
 2.54834328e-01 -1.23418206e-01 -2.72104269e-01 7.77409403e-02 -2.77992229e-01 8.84074865e-02 -6.73861199e-02 -7.13979538e-02 -2.85175424e-02 2.05829870e-02 -3.70707096e-02 -1.88192990e-01 -7.63703595e-02 -5.73773498e-02 -7.45782193e-02 -7.61127964e-02 -3.83267787e-02 4.89624598e-02 6.15469318e-02 -2.89408918e-02 -3.75981789e-02 2.05819066e-01 -9.90876215e-02 -3.28946376e-01 -7.65307976e-02 3.55895862e-01 8.05343313e-02 8.58870801e-02 -3.21396838e-02 -1.56077837e-01 3.05195904e-02 1.07980433e-01 -2.09496303e-04 2.57016239e-02 8.13937741e-03 1.07360367e-01 6.50711794e-02 -4.22082005e-01 -4.55385103e-02 2.06149839e-01 -1.67531799e-02 -1.52317188e-01 7.99983434e-02 -9.89336616e-02 -8.43922447e-02 -6.24649589e-02 -1.63106755e-01 -6.98746640e-02 -8.68582420e-02 -5.39380746e-02
 7.47321895e-02 -2.18714531e-02 -3.94337239e-02 -8.22605701e-02 -7.80786969e-02 1.78042441e-02 2.81753425e-01 -3.86704190e-02 -1.92848485e-01 -2.25907963e-01 1.40043918e-01 3.92317671e-02 6.54453531e-02 1.35974971e-01 -9.61838879e-02 1.55864396e-01 1.17175729e-01 -1.80491171e-02 -2.35921596e-01 -1.05440465e-01 6.33477977e-02 -3.51101109e-02 5.95560271e-03 1.20363354e-01 -5.52474621e-02 2.14930711e-01 -1.20150232e-01 -1.05455217e-01 1.08165400e-01 -7.80080762e-03 1.71951351e-01 5.84032149e-02 -1.53153572e-01 -2.60280423e-01 -1.44798117e-01 1.31097229e-01 2.13923811e-02 -1.14036139e-01 8.57883998e-02 -3.29334445e-01 -7.62477515e-03 1.88531730e-01 -6.82744443e-02 -3.67331571e-02 -2.22007041e-01 -7.74040825e-02 2.61254660e-02 -8.55735074e-02 8.82769301e-02 -3.75707204e-01
 1.34301017e-01 -4.55223874e-02 2.83254884e-01 7.56865160e-03 -9.05914871e-02 2.72472016e-01 1.67312975e-02 -2.48539336e-01 -3.39854207e-01 1.99506813e-01 -7.07165878e-02 -3.49552967e-02 4.99833819e-02 -1.98570961e-01 1.09471398e-01 6.18269993e-02 1.87995169e-01 5.71134813e-02 1.09259819e-01 1.08669758e-01 -8.54838590e-02 -6.51956070e-02 1.21337691e-01 -5.63859045e-02 6.87028926e-02 -4.64081144e-02 -3.09769792e-01 -2.81957868e-02 8.41324532e-02 1.52478622e-01 2.76839026e-02 2.71051527e-01 7.11663684e-02 -1.44682849e-01 7.24728552e-02 -1.08456700e-01 -8.97995719e-02 -2.02929912e-02 -6.81509783e-02 5.76524563e-02 -2.12050770e-01 -8.99370371e-02 -4.88661364e-02 -3.74979196e-02 2.41923959e-01 -9.21325483e-02 1.45771768e-01 -8.62802223e-02 -1.14368001e-01 -1.03651866e-01
 -1.25997333e-01 -1.81963530e-02 -6.43673301e-02 9.27572220e-02 -2.92402981e-01 -1.04854344e-02 -2.91068285e-01 9.20970539e-03 -2.92852954e-02 1.19390125e-02 5.18505290e-02 1.05204275e-01 -7.44799361e-02 -4.50680302e-02 -1.56628126e-02 -1.59887523e-01 2.44950538e-01 -7.25562511e-02 1.50398700e-01 -2.33215217e-01 6.83383141e-02 1.78276202e-01 -7.35191074e-02 3.30285784e-01 1.50535486e-01 -1.84351984e-01 -2.33193903e-02 -1.09838784e-01 -2.47934468e-01 -2.95841052e-02 -1.51352888e-01 1.66077656e-02 -1.55684718e-01 1.33630594e-01 -4.14733523e-02 4.28453568e-03 1.95741668e-01 -7.16134839e-02 -5.46646121e-02 6.61090201e-02 -1.05556039e-02 5.13814932e-02 -2.47291541e-01 -3.51503637e-02 6.47482813e-02 -9.99995731e-02 2.86310818e-02 1.03481390e-01 -1.75715383e-02 -3.44495247e-01
 -2.08817686e-01 -1.87353254e-01 1.51358687e-02 -1.46368234e-01 1.64228800e-01 1.30898677e-02 -2.22029764e-02 1.16680638e-02 1.21694226e-01 1.41983414e-01 2.70337718e-02 -7.81488351e-02 -5.96764439e-02 1.60463359e-01 -3.28388825e-02 -1.74228962e-01 -1.13232591e-01 -2.47101626e-01 1.91211247e-01 8.14044206e-02 -4.96637871e-02 6.15103910e-03 9.08420937e-02 -1.31030840e-01 -2.76961374e-02 1.85795005e-01 -6.83322664e-02 5.80679591e-02 -2.71682588e-01 1.24914707e-01 1.53247559e-01 -6.68307960e-03 -1.40102950e-01 2.03266772e-02 5.95060312e-02 -1.00840638e-01 -5.53902571e-02 -1.56863407e-01 -1.06535118e-01 -5.64870265e-02 -1.46572130e-01 2.22088005e-01 -2.42276754e-02 2.83929166e-01 -7.12424615e-02 -3.78480029e-01 2.74967691e-01 -7.25057119e-02 1.04347056e-01 5.53238641e-04
 -1.16913348e-01 -6.49691142e-02 1.98219419e-02 -2.38086012e-02 -3.33778350e-02 -1.05004140e-01 -1.50617295e-01 -1.61320442e-01 1.61130385e-02 -7.81203414e-02 6.35884592e-02 5.64195558e-02 1.25375373e-01 2.06060031e-02 -3.86485179e-01 -4.98631447e-02 -1.85894681e-01 -9.09459681e-02 -2.62086268e-02 -3.25909587e-02 1.39531840e-01 -3.53124852e-02 6.06504814e-02 -1.09730581e-01 2.51778897e-01 -1.17896459e-01 1.22145962e-01 6.96225206e-03 4.43474601e-01 2.98882842e-03 -6.14988192e-02 -7.84839088e-02 -1.32644379e-01 -1.16617136e-01 -1.18183558e-02 1.35289382e-01 -1.98613118e-02 1.49382162e-02 -3.27070901e-01 1.58423199e-01 -9.66991754e-02 -1.90472046e-01 7.44719026e-02 -3.85011216e-02 9.93608077e-02 -5.56937808e-02 1.56411127e-01 -1.36429411e-01 2.33648873e-01 -1.14836796e-01
 3.06832447e-02 3.35724868e-02 -2.88559890e-02 2.57519715e-01 3.77656340e-02 1.06012787e-01 -4.47979008e-02 -1.93178218e-01 5.95340999e-02 2.57785319e-01 2.49528465e-01 4.66879477e-02 2.41997759e-01 -5.51860870e-02 -4.94241725e-02 -5.82395531e-02 1.46351504e-01 -2.20221874e-01 2.97524787e-01 7.11969774e-02 -1.64306249e-01 -1.15229266e-01 -8.19479802e-02 6.98287433e-02 -5.29652531e-02 2.76238860e-01 2.31847443e-01 -5.28525129e-02 8.81450757e-02 6.17238481e-02 -1.07205925e-01 -4.93393792e-02 -5.92171830e-02 -1.02014698e-01 -1.99284115e-01 -8.33856737e-03 -8.05551311e-02 2.22037981e-01 -6.92560868e-02 -4.21104201e-02 1.78159587e-01 1.65092396e-01 4.62446572e-02 1.22550827e-01 1.12691796e-03 9.10711312e-02 -2.51745060e-01 -1.52943548e-01 -9.54176855e-02 -6.31757152e-02
 -4.06858531e-03 -3.02440790e-01 -4.66622915e-02 1.06917983e-01 9.71862695e-02 -6.31041039e-02 -7.28264150e-02 2.27083388e-01 5.65245489e-02 2.59722124e-02 1.76432821e-01 -1.95012866e-01 9.27311295e-02 -1.00576081e-01 -8.40080021e-02 1.32801559e-01 1.32419615e-01 1.94321605e-01 -2.38741597e-01 2.59364096e-01 4.48926456e-02 6.73711464e-02 -8.65469076e-02 1.44760859e-01 6.46223372e-02 1.18811420e-01 -7.85876747e-02 -2.24826426e-01 9.02124830e-02 2.20739325e-02 -3.98778012e-03 6.68773243e-03 -1.29557694e-02 1.23600550e-01 1.11566919e-01 -5.95334151e-02 -2.34574799e-01 2.67098152e-02 -2.38501238e-02 3.44670544e-02 2.64404917e-02 -3.89931573e-02 -4.96934861e-02 7.15623584e-02 2.06735418e-01 -3.54529558e-01 -2.94746465e-01 1.78539033e-01 1.54369047e-01 -1.22862904e-02
 6.75948494e-02 3.56550649e-02 -4.81188322e-02 1.52443431e-01 5.00779763e-02 2.33091579e-02 -1.10820898e-01 1.94196198e-01 1.25446568e-01 2.05487176e-02 -1.53867788e-02 1.58658841e-01 -1.22677539e-01 -3.45019343e-01 2.01786160e-01 5.39322335e-02 8.18509335e-02 1.10061241e-01 -1.42472045e-01 -6.48492720e-02 -1.84883620e-01 1.67582636e-01 2.12294730e-01 -2.15184033e-01 1.44229336e-02 5.31745470e-02 9.74311693e-02 -1.36476043e-01 2.87451409e-02 2.35552899e-01 3.71093547e-02 -1.74237316e-01 8.81350797e-02 -8.49109733e-02 -2.71657271e-01 2.57122504e-01 3.34369847e-02 -7.78358289e-02 -3.30696906e-03 -5.48690431e-02 1.98505343e-01 3.63284397e-02 2.72899598e-02 1.22075018e-01 1.69209745e-01 -3.62244947e-02 3.26022199e-01 -2.70345360e-02 1.28135560e-01 -7.26626273e-02
 -2.30428415e-01 1.59333280e-02 -7.92334502e-03 -3.53288716e-02 -1.40443541e-01 -1.39154781e-01 -3.07921467e-01 -1.27087063e-02 -1.52093354e-01 7.65960350e-02 9.23444037e-02 2.16265073e-01 -2.47875064e-01 8.46140723e-02 -4.40579644e-02 1.54001772e-01 -2.42707230e-01 2.24754137e-01 -3.36297711e-02 2.57384618e-03 -2.09856732e-01 -8.17682403e-02 1.00957189e-01 -9.67377116e-02 -8.63731793e-02 1.69761736e-02 -5.80798519e-03 -4.75404822e-02 -1.02331147e-01 -1.90092836e-01 1.39697896e-01 -1.18493792e-01 2.60015936e-03 -2.17603681e-01 -8.17664602e-02 1.06509452e-01 -1.55111795e-01 2.23007177e-01 3.90213098e-02 3.45869523e-04 -1.46178245e-01 -5.32886644e-02 -7.88437687e-02 9.57006232e-03 -1.58153910e-02 -1.97201332e-01 -1.78739865e-01 -7.23197749e-02 -3.34991953e-01 -4.38206261e-02
 -3.62926306e-01 -3.36344356e-02 1.42329562e-01 2.28778677e-03 2.26577370e-01 2.01492590e-01 -2.20088410e-02 -1.53021040e-01 -5.38946265e-02 -1.76205145e-01 1.87300685e-02 -1.81633823e-02 -1.86061955e-01 9.44125741e-02 9.00374004e-03 2.37466162e-01 4.79983577e-02 -6.39030971e-02 -2.45197189e-03 -1.14502843e-01 1.62758012e-01 -2.41617973e-01 -6.90159308e-03 -1.22054245e-02 1.77067512e-01 2.26743314e-01 6.69019437e-02 -4.04939772e-02 -9.29810275e-02 5.12971040e-03 -4.42605046e-02 2.26975632e-02 7.96303695e-02 1.59159933e-01 -3.16852085e-01 -7.97311205e-03 -1.86070047e-01 -3.04967085e-01 -1.59822831e-02 1.42287229e-01 1.48750922e-01 -6.35385812e-02 1.98142972e-02 -1.12283794e-01 1.31024595e-01 1.04620246e-01 -7.89710734e-03 1.72020833e-01 -1.20883047e-01 -3.96834570e-03
 -1.62476218e-01 4.99160052e-02 3.32448168e-01 -1.39771257e-01 -1.37677347e-01 6.05538017e-02 2.74310174e-02 9.96763781e-02 4.10438862e-01 3.04235110e-02 -1.02756971e-01 -1.54423316e-01 8.08591286e-02 -7.79731643e-02 -8.77509263e-02 -1.31663763e-01 1.40583016e-01 3.46620389e-01 1.99634778e-01 -5.32385777e-02 8.51968646e-02 -6.12974194e-02 5.77953063e-02 -6.28036126e-02 -1.90030307e-01 5.10419129e-02 -7.07785204e-02 -1.71065342e-01 1.37978969e-01 -2.12514938e-01 7.87908382e-02 -8.40729837e-02 5.96964665e-02 -1.09304769e-01 7.66643501e-02 -8.45806527e-02 -9.51340817e-02 -8.18853672e-03 -4.71451337e-02 1.30380132e-01 1.65836794e-01 1.09311763e-01 7.93183857e-02 -4.15789216e-02 -1.65702743e-01 4.33336040e-02 9.08751358e-02 6.46993254e-02 -8.39615293e-02 -2.48497180e-01
 -9.34811008e-02 1.04057387e-01 1.82816141e-01 2.64163495e-01 -2.77678100e-01 -1.40151595e-01 2.06657678e-03 5.25097034e-03 5.10913352e-02 -1.41680752e-02 2.90418361e-01 2.43218036e-03 2.55939930e-01 2.52486098e-01 -1.64903963e-01 -8.86560598e-02 7.18159150e-02 7.21812046e-02 -1.83371441e-01 -8.27630209e-03 -6.87831804e-02 1.27665052e-01 -1.33437454e-01 -1.42422907e-01 3.80349801e-02 1.81846847e-02 -2.71913103e-01 7.27543826e-02 -1.87734225e-01 -3.55075981e-03 1.67909271e-01 -9.88092454e-02 7.07255047e-02 8.64709422e-02 -1.59386008e-01 -9.77553593e-02 -7.76607482e-02 -7.75166258e-02 1.44565690e-01 6.27283054e-02 -7.19335950e-02 7.02772259e-02 5.57481106e-02 -1.44015821e-02 2.37263416e-01 2.00064249e-01 1.37365788e-01 -1.58431594e-01 6.73337786e-02 1.70339438e-01
 7.93661767e-02 -1.22502838e-01 7.68844374e-02 -1.23966881e-01 2.31289900e-02 2.05088674e-01 -1.22033413e-01 6.60642035e-02 6.79878053e-02 -8.81801807e-02 4.34809410e-02 -1.96461800e-01 1.19144135e-01 1.75308223e-01 -3.08434395e-02 -2.82113465e-02 -6.08513953e-04 -2.53728395e-02 -2.05817853e-02 -3.03100145e-01 1.13611170e-01 5.39965182e-02 -1.36379981e-01 -2.14501731e-01 -3.30281453e-02 -5.34066576e-02 1.58398116e-01 -4.66590400e-01 -2.88664700e-02 9.25540519e-02 -2.56448587e-02 8.89298297e-02 -8.50155387e-02 -1.41351356e-01 3.65338287e-02 6.36672098e-02 1.74806624e-01 9.51600953e-02 -4.46816722e-02 -2.49158218e-01 -4.68678251e-02 -1.41045594e-02 -9.50486947e-02 -3.84237780e-02 2.00806021e-01 -2.33839581e-02 2.08325127e-02 -3.16334102e-02 -2.66943717e-01 3.08495429e-01
 -4.29987440e-03 -2.19368354e-01 8.76855303e-03 -5.09671301e-02 -1.42031968e-01 7.76438859e-02 7.31914200e-02 2.81658184e-02 -5.53598253e-02 1.53244097e-01 -9.32584118e-02 4.93671976e-02 5.73448125e-02 1.49770790e-01 1.70824079e-01 1.35584877e-01 5.87296256e-02 -2.84793767e-02 3.75801210e-02 8.61814920e-02 8.55879193e-02 6.71973364e-02 -3.27997188e-01 6.52665426e-02 2.51562272e-01 -2.41352599e-01 1.30407699e-01 -7.42364801e-02 -3.35010327e-02 -7.02739550e-02 -1.08213700e-01 -1.87262164e-01 1.59911825e-01 -3.75130171e-01 -1.39509738e-01 -1.88340754e-02 -2.49794694e-02 -1.18601410e-01 2.14292620e-01 1.51998597e-01 -1.66949137e-02 -1.38087708e-02 3.36510373e-01 2.04510487e-01 -1.53621846e-01 -1.32133910e-01 6.50864779e-02 9.05243767e-03 1.90209881e-02 3.30776800e-02
 4.52716832e-02 -4.00329675e-01 2.86567591e-01 -4.81585195e-02 1.33307376e-01 -2.59513271e-01 -6.97428022e-03 8.96959710e-02 -2.84104927e-02 1.16253800e-02 -8.04607365e-02 -1.11217597e-01 -7.28484443e-02 -4.21128896e-02 -2.19250772e-01 -1.74645148e-01 6.26245386e-02 -2.41721698e-01 -2.12721919e-02 -6.96261962e-02 -1.84900601e-01 -3.19564653e-02 7.36477303e-03 3.04304455e-02 -7.72851755e-02 -6.44243700e-02 -1.64342536e-01 1.08954930e-01 -1.55957571e-01 1.58325661e-01 6.21638318e-04 -5.17246222e-02 1.42197367e-01 -2.15504401e-01 2.44481216e-02 3.36066848e-01 3.04861752e-02 -5.65520339e-02 -8.89085197e-03 4.98475536e-03 6.19170762e-02 -9.91264278e-02 3.45207965e-02 1.06483528e-02 3.28203857e-02 2.60354677e-01 -2.19111364e-01 1.23901955e-01 -7.17226535e-02 -1.13675422e-01
 -5.92516289e-02 2.91735016e-01 -4.77713865e-02 -1.41636487e-01 -2.09608521e-01 1.70925306e-01 5.26142062e-02 7.66370664e-02 6.88612677e-02 1.60824995e-01 -1.61115327e-01 -5.87314378e-02 -2.34569133e-02 -6.77666645e-02 -3.79937518e-01 1.77064662e-01 8.98579064e-02 -2.34177806e-01 -8.77933080e-02 -1.06122205e-01 -1.54300220e-01 1.32508748e-01 6.77724143e-02 -4.77490396e-03 4.59273402e-02 -1.58420576e-01 -9.34352961e-02 5.51952672e-02 -4.94723510e-02 1.48269709e-01 1.42388071e-01 7.64880355e-02 4.84932587e-02 -1.09961668e-01 -1.76257266e-01 -1.49481650e-01 -9.97783093e-02 3.94609201e-03 -1.32652580e-01 -2.92599730e-02 2.68363239e-01 -9.50096208e-02 -6.64078745e-02 -3.90623974e-02 -1.50761240e-01 -1.96842523e-01 -1.78569129e-01 1.24048192e-01 7.52406736e-02 2.26507004e-01
