 -6.56787621e-02 -1.33652159e-01 1.35722473e-01 -1.21994245e-01 8.06975819e-03 4.42886655e-02 2.62201815e-01 -2.41063875e-02 -3.54409605e-02 1.20388042e-01 1.86335422e-02 2.72987771e-01 1.54571478e-02 -3.30782705e-01 -1.27815318e-01 -5.38907908e-02 -3.25486053e-01 1.00950678e-01 -1.24665677e-01 -2.77963765e-03 -8.39344937e-02 -4.56684556e-02 1.06972723e-01 1.46754625e-02 1.22934321e-01 -7.59614667e-02 -4.93481939e-02 -9.81060320e-02 2.61471822e-01 6.35932103e-02 -2.45614528e-01 4.18118362e-02 1.19861169e-01 5.40939948e-02 -1.93571258e-02 -2.23319180e-01 -6.42194815e-02 -1.24804747e-01 -1.34370692e-01 -1.06538918e-01 1.14445448e-01 2.19127026e-01 1.78277100e-02 1.91377328e-01 7.59200209e-02 1.25901203e-01 -2.74653781e-01 5.05009712e-02 -6.30783774e-02 -1.24358103e-01
 1.06830848e-01 -1.66275587e-01 -1.18714520e-01 3.35008965e-01 -1.37038550e-01 -5.66471122e-03 -2.09641996e-01 -2.41822506e-01 -8.00756908e-02 -9.09750937e-02 9.16899036e-02 6.80271680e-02 5.74026614e-02 -1.40308782e-01 1.77817736e-01 2.01663988e-01 -9.22572003e-02 -5.78873537e-04 1.20550822e-03 8.39713225e-02 -2.77880718e-01 -1.24737394e-01 9.80847890e-03 -8.43935444e-02 1.13002550e-01 5.17565311e-02 -1.84992807e-01 -1.39257102e-01 -1.74272947e-01 1.41503307e-01 1.04149923e-01 -6.22886109e-02 -2.76482451e-01 1.55748134e-02 1.58517742e-01 1.19050792e-01 -2.79310900e-01 -9.39407669e-02 -2.26075615e-03 -5.07765732e-02 1.24421504e-01 1.18399820e-01 1.54155588e-01 -8.24499966e-02 -6.26524903e-02 -2.89830820e-02 -1.87464064e-01 -1.76539811e-01 -6.31818976e-02 -1.01256727e-02
 -3.31897378e-01 7.78669201e-03 7.24850770e-02 -1.48159608e-01 4.51871500e-02 -2.26734184e-01 -7.50965561e-02 -2.95537605e-02 1.25846459e-01 -1.23924981e-01 1.96785925e-01 1.19297120e-01 4.05636668e-01 9.49183144e-02 -1.97108753e-01 -6.16237183e-02 -8.12061301e-03 2.33422069e-01 6.02139919e-02 -2.98789167e-02 -3.85805004e-02 6.92420610e-02 -9.27937924e-02 -2.17699904e-02 3.17673205e-01 8.26475243e-02 7.99412729e-02 -5.17968777e-02 -2.40695683e-02 -7.38409403e-02 1.53553878e-01 -1.68029430e-02 -1.07549964e-01 -9.58018383e-02 4.95499323e-02 1.33147853e-01 3.34778653e-02 2.50667752e-01 -1.45625281e-01 2.34167174e-02 9.14453443e-02 -8.88337930e-02 1.76974999e-01 1.02215205e-01 2.55066790e-01 -2.20348385e-02 2.07576449e-02 -7.93382377e-02 -1.55115220e-01 -1.10160344e-02
 -4.43472380e-02 6.99557285e-02 2.04723123e-01 -1.34119880e-01 3.43320240e-02 -2.10745880e-03 -1.43132938e-01 -1.51303278e-02 -7.11684711e-02 1.46932743e-02 -1.64554370e-01 1.20605678e-01 -1.29611213e-01 -2.19496692e-01 1.19222215e-01 -2.96417330e-01 2.10218358e-01 -1.72760141e-01 1.83921591e-01 8.56270906e-02 -5.36684821e-03 -1.81238030e-01 7.11899034e-03 1.43481133e-01 -2.44734769e-02 -1.16509126e-01 3.86046413e-02 1.41991451e-01 2.84611422e-02 1.18018137e-01 -4.84950506e-02 1.42718949e-01 -2.07919047e-01 -6.91665484e-02 2.91345767e-01 2.41593595e-01 -5.95159436e-02 3.05883112e-01 -3.98255853e-02 -1.45540455e-01 -2.76700947e-02 2.58115831e-02 -1.95744116e-01 -7.43093881e-03 1.37786780e-01 1.97929980e-01 -1.84544664e-01 1.66408782e-02 1.35642734e-02 1.08469357e-01
 -1.40173878e-01 -1.39048520e-01 1.57401409e-02 -5.29518456e-02 -1.56508323e-01 1.59424655e-01 1.60448401e-01 -3.54677786e-01 -7.57135361e-03 9.23038952e-02 -7.30269905e-02 -2.23135709e-01 2.11669348e-01 -1.08985172e-01 7.77838038e-04 -1.58072701e-01 6.55489047e-02 -1.65688626e-01 1.00649150e-01 1.61435614e-01 2.38586366e-01 -2.55044316e-02 -1.31281691e-01 3.88705825e-02 1.32568793e-01 2.09908365e-01 1.12801651e-01 1.80414173e-02 -1.09297352e-01 1.47704441e-01 1.55841319e-01 1.44504131e-01 1.16363403e-02 1.06799410e-01 -1.15992861e-01 -6.64694114e-02 -5.45932162e-02 -1.76389732e-01 -2.43154727e-01 -2.33250265e-01 -6.97636552e-02 7.89809811e-02 8.86004208e-02 7.88857549e-02 -5.69948159e-02 -7.10785846e-02 1.23050364e-01 3.82403696e-02 2.41147063e-01 1.67320309e-01
 6.52963215e-03 3.40634311e-02 1.24657183e-02 -7.40093493e-02 1.12778229e-01 -5.18219974e-02 2.97422527e-02 -1.35719555e-02 -1.62816273e-01 -4.62552109e-02 7.42093709e-02 1.66411926e-01 4.03330943e-03 -1.19620069e-01 -6.75426028e-02 2.10334323e-01 -1.87587568e-01 -2.55146427e-01 1.41325499e-01 7.27734476e-03 1.36241147e-01 -2.66117757e-01 -1.05079235e-01 1.14295569e-01 -1.02222688e-01 -1.72847702e-01 1.15058378e-01 -6.48778697e-02 -3.30402207e-02 -1.33343021e-01 3.13231427e-02 8.58136615e-02 4.59234127e-02 2.93597618e-02 -3.14617480e-01 -1.31084412e-03 -1.59230457e-01 -3.94060404e-04 1.99616552e-01 5.43157662e-04 2.88574486e-02 -3.29770644e-01 2.24541779e-01 -1.29799325e-01 2.42583702e-01 -1.72677944e-01 -1.74951386e-01 -2.39756017e-02 6.77934844e-02 2.53917359e-01
 8.13334717e-02 9.63068155e-02 -3.01013409e-02 -2.40469899e-02 -3.20479788e-02 2.09074518e-01 -1.67468351e-01 3.07951785e-02 1.90863337e-01 3.95838992e-01 -2.83387303e-02 1.14676477e-01 3.98246763e-02 -3.45148980e-02 -1.74359424e-03 -1.06837115e-01 -7.14736445e-02 1.96051610e-01 1.11965028e-01 3.18116303e-01 -1.39372097e-01 -4.03466274e-02 1.58283345e-02 -1.07585734e-01 -6.90166626e-02 -4.24818688e-02 3.11088765e-01 -1.38018930e-01 7.45145047e-02 -1.22333573e-01 -2.21013058e-01 -2.55408284e-02 -8.27024873e-02 -1.23630621e-04 -7.62615838e-02 1.36350004e-01 -4.10517434e-02 -1.64783797e-02 4.39505479e-02 1.23979728e-01 1.19452998e-01 4.42513631e-02 3.92844241e-02 1.20958602e-01 -1.44006483e-01 -8.93236327e-02 2.18708008e-01 -1.95083488e-01 -6.14393406e-02 3.22133280e-01
 1.71626810e-02 -9.35591077e-02 2.82821779e-01 -4.84805421e-03 -1.68788813e-02 -3.12333590e-01 -6.33775267e-03 -6.62405457e-02 1.15030202e-01 -9.90030305e-02 -8.39503870e-02 1.14611531e-01 4.60768330e-02 1.88463003e-01 1.56014649e-01 6.48480848e-03 8.43581397e-02 2.24560861e-01 9.16203451e-04 -3.09788275e-02 1.10617964e-01 -3.63809887e-01 -3.64884021e-02 -1.22806803e-01 -1.92821056e-01 2.35460656e-01 2.30666961e-01 -1.13720188e-01 1.32168787e-01 2.06716015e-01 -1.02683603e-01 2.43322029e-01 4.70514531e-02 -1.04682581e-01 -2.59254017e-02 -7.83618324e-02 9.31890870e-02 -1.63591758e-01 4.68197913e-02 -2.98586732e-02 4.92421900e-02 -3.27195615e-02 -5.63427391e-03 -2.38134959e-01 -1.20192341e-01 2.59252314e-02 -4.52215402e-02 -1.97722110e-01 3.29783184e-02 -1.38263600e-01
 -1.86998344e-01 -8.77349035e-02 -5.63940259e-02 3.35584990e-02 1.87713099e-02 -2.87866359e-02 1.95691151e-01 -2.16034732e-01 -1.06264721e-01 3.36987989e-01 -6.24064375e-02 1.96832460e-01 -1.49707318e-01 8.17377915e-02 -1.76117231e-01 9.86263824e-02 1.48905254e-01 -1.85926611e-03 -3.14120651e-01 -1.85324819e-01 7.60946615e-02 7.89736395e-02 4.52096207e-03 -7.81526481e-02 1.77360064e-01 -1.05374352e-01 7.62197763e-02 -7.18242888e-02 1.16593563e-01 -3.59478634e-02 1.86474546e-01 -5.17769018e-02 -1.08349336e-01 1.20625157e-01 1.47296436e-01 9.58930380e-02 5.19352122e-02 3.47498797e-03 1.53506197e-01 7.28562155e-02 -1.63733353e-01 -5.20507646e-02 -1.55296082e-01 -1.41592742e-01 -1.71748215e-02 5.07100467e-02 -6.14611384e-02 -3.62376901e-01 1.88123938e-01 1.20568895e-01
 7.35172509e-02 -6.08430051e-02 -9.39260225e-02 -1.89232672e-01 -1.07341860e-01 1.10289313e-01 3.38322093e-01 -2.15983563e-01 -1.36250971e-01 -9.80886125e-02 2.84503813e-01 -7.26377711e-02 -7.16935439e-02 -1.37168773e-01 1.97186052e-02 -1.04121224e-01 -1.25397992e-02 1.93811331e-01 7.54353367e-02 -2.79391572e-01 -7.24204602e-02 -2.70828384e-02 7.13345338e-02 -2.74266766e-01 -1.36442609e-01 -4.38008511e-02 -7.51386621e-02 8.03018451e-02 -1.43838180e-01 -4.53856667e-04 -9.57666062e-02 9.93079708e-02 9.87799656e-02 -2.19667035e-01 -4.58509526e-02 1.90098484e-01 -1.54282619e-01 1.05770244e-01 -3.52013295e-02 -8.22930857e-02 1.80288191e-01 -1.83117699e-01 -2.39281677e-01 -5.10054825e-02 -3.46048032e-02 -4.73961541e-02 1.96712479e-01 -1.11556335e-01 -8.79633192e-02 6.55473241e-02
 7.31490385e-02 -1.59308401e-01 2.80235436e-02 2.06946916e-02 -5.25699402e-02 4.08187345e-02 -2.27561515e-01 -9.65598889e-02 7.55974206e-02 9.43391018e-02 -5.39067374e-02 1.14606337e-02 1.01906605e-01 1.01950734e-01 1.41099988e-01 -6.70270589e-02 4.98174685e-02 1.22128861e-01 4.09864251e-02 -4.56588484e-02 7.21059419e-02 9.18764500e-02 -3.10288410e-01 4.95365390e-02 3.98759254e-02 -2.90989134e-01 -2.24227215e-01 -2.08432710e-02 -5.62012295e-02 -2.78380894e-01 -2.31653875e-01 1.62595701e-02 1.08092122e-01 7.66008919e-03 -1.56248515e-01 -1.90986962e-01 -1.80468116e-01 1.88720879e-01 -1.13834859e-01 -1.25090982e-01 -4.10983729e-02 -1.61811179e-01 3.72400614e-02 -2.76043858e-02 -6.89478221e-02 2.80917052e-01 -2.59489543e-03 -2.20904203e-01 2.47815693e-01 -2.03129403e-01
 1.66733495e-01 3.72454253e-02 1.56090897e-01 -6.47293286e-02 -2.21638121e-01 1.93374404e-03 1.89706189e-01 -3.08518507e-02 -5.13462642e-02 -1.03888746e-01 -1.69008650e-01 4.10322360e-02 3.14214495e-01 4.80842497e-02 -1.14779537e-01 -1.45017675e-01 -1.06484950e-01 -3.26079778e-01 -1.08443241e-01 2.16537976e-02 -1.68963145e-01 -1.20023757e-01 -1.26708401e-01 -2.36280508e-01 9.12539054e-02 1.68412780e-01 3.40976765e-03 -1.02493326e-02 -9.77333656e-02 -1.56425720e-01 -1.37940035e-01 -1.30689968e-01 6.51210356e-02 -5.37977527e-02 5.69380499e-02 -7.34752952e-02 -8.70039541e-02 2.16761961e-01 3.28350877e-01 1.47616477e-01 -2.16310355e-01 1.79446348e-01 2.20116734e-02 -1.30839807e-01 -5.03683529e-02 1.20520394e-01 8.15841777e-02 3.43445344e-02 -5.67968437e-02 3.07258581e-02
 9.58500845e-02 3.80462749e-02 -1.43980621e-01 3.19227539e-02 -6.46389025e-02 -1.21097733e-02 -4.38555628e-02 -1.59815985e-01 -5.55535380e-02 -1.23619710e-01 3.76338296e-01 9.72609654e-02 -1.31589151e-01 6.45960012e-02 -5.29924471e-02 -9.99737268e-02 1.45220177e-01 -2.60699666e-01 -1.27465421e-01 5.77303642e-02 -1.49770013e-01 9.43507392e-02 9.73153686e-02 5.59583771e-02 -1.81581016e-01 -9.19209953e-03 2.46615724e-01 1.55247676e-02 -3.43113600e-02 -1.61194224e-01 -1.08019757e-01 2.54836515e-01 -7.60791364e-02 6.71405997e-02 5.45374691e-02 -2.85534139e-01 1.44194676e-01 -6.19949139e-03 -2.87152987e-01 8.78311790e-02 -6.23152984e-02 1.37995656e-01 1.57402908e-01 -1.15535498e-01 2.15360559e-01 1.55381274e-01 8.88536764e-02 -1.66424639e-01 -9.27483960e-02 7.19660880e-03
 -1.77816432e-01 -6.83240240e-02 -1.53783647e-01 -2.48894397e-02 7.51607234e-02 1.32961633e-01 -4.71220077e-02 -1.04014094e-01 1.46121195e-01 -1.18408375e-01 -1.06454773e-01 1.26922067e-02 -1.36953706e-01 9.15198903e-02 1.80750564e-01 -1.89247556e-02 -1.21335243e-01 -9.37900072e-02 -1.82370203e-01 -4.88818197e-02 3.94847106e-01 7.30348630e-02 1.80906896e-01 -6.08306034e-02 1.48070064e-01 3.98859073e-03 9.08526767e-02 -1.72668710e-01 -1.34424989e-01 -2.03732872e-01 -1.67420061e-01 2.21993518e-01 -1.10915202e-01 -1.76379867e-01 -4.19244167e-02 7.31496509e-02 -3.74359691e-02 2.29056981e-01 9.14324725e-02 9.12156793e-02 2.46715751e-01 2.79847042e-01 3.61312058e-02 -9.24155845e-02 -7.37344055e-02 -1.57561515e-01 -1.14929185e-01 1.48923355e-01 4.42924037e-02 -6.78995684e-02
 4.20962959e-02 5.06944703e-02 -1.01957560e-01 -8.30475273e-02 -2.19328994e-01 -7.60606752e-02 -4.14291603e-02 1.18612740e-02 -1.14999500e-01 1.06322884e-01 -1.02047026e-01 -1.69696417e-01 -1.85879317e-03 -8.32985190e-02 1.25742996e-01 1.53354458e-01 1.71242462e-01 -3.91195144e-03 1.06018672e-01 -3.65131878e-02 2.07759361e-01 -1.26976382e-02 5.22715711e-02 -1.42308252e-01 -6.81325954e-02 -3.07941784e-02 1.68566386e-01 -2.02099265e-01 2.28356461e-01 -6.63882556e-02 1.37795891e-01 -2.76237750e-01 3.50899238e-01 1.80509078e-01 6.91924670e-02 1.23890697e-01 -1.50393585e-01 1.04325032e-01 -1.15459352e-01 -4.01951398e-02 2.05297882e-01 2.00231995e-01 1.17222160e-01 -1.83165143e-01 2.42869048e-01 1.74792128e-01 3.34672904e-02 5.72491413e-03 -1.67164549e-01 -7.22757127e-02
 2.06046505e-01 -1.05398782e-01 -1.45371322e-01 -2.14982099e-01 1.72165007e-01 -1.67536466e-01 1.54293583e-01 6.08100850e-02 -3.30442535e-02 1.01939395e-01 -4.52893511e-02 3.04812933e-02 -2.81246943e-02 4.58702479e-01 1.79745215e-01 1.27174389e-01 -5.16807325e-03 -2.22160483e-01 -1.27959184e-01 1.32761813e-01 -1.07748880e-01 4.50451919e-02 -1.49366605e-01 -2.71622453e-01 2.27749471e-02 -3.08350647e-03 8.85492843e-02 1.91267750e-01 1.30006044e-01 3.64054854e-02 3.07161284e-02 3.39966543e-02 -1.00317676e-01 -9.09117264e-02 -4.85540193e-03 9.55441962e-02 -2.06316803e-01 -3.68868258e-02 -1.36172450e-01 -1.63769636e-01 1.29742086e-01 -1.28907236e-02 2.07274017e-02 3.18506894e-01 5.42165111e-02 5.04547535e-02 -1.17238426e-01 6.88364810e-02 1.80131130e-02 3.74149948e-02
 -1.24500046e-01 -1.11583257e-01 -1.59079027e-01 -1.70339984e-02 -7.65690850e-02 -7.13226003e-02 6.08787088e-02 1.23197521e-01 4.33893484e-02 2.55845283e-01 -1.51474428e-01 -2.38346316e-01 -7.19300727e-02 -2.56572421e-02 -1.70640501e-01 -7.42922835e-02 -3.71850963e-02 -4.56082985e-02 8.00997716e-02 1.25612638e-01 -1.05209405e-01 3.85061327e-02 2.09802907e-01 9.09448132e-02 1.26473537e-01 4.73020074e-02 2.13287281e-01 1.15064785e-01 -1.97437366e-01 1.32432273e-01 4.28755414e-02 1.10274682e-01 -4.82896272e-02 -1.90027134e-01 -1.61274962e-01 -7.05713561e-02 -2.84416148e-01 -5.61696692e-02 1.53761425e-02 2.40805607e-01 8.99158002e-03 -2.44564881e-01 5.12201806e-03 -1.77589732e-01 -6.81921469e-03 2.64861899e-01 -1.24487831e-01 -3.21031621e-02 -1.58075171e-01 -2.76046086e-01
 -8.20466471e-03 -1.85775021e-02 -3.38579485e-03 2.23751167e-01 2.57984623e-01 2.63751853e-01 6.93421098e-02 -3.76333689e-02 -3.29774608e-01 4.65460232e-02 5.09238962e-03 1.72137494e-01 5.42491256e-02 2.98936757e-01 -1.82004520e-01 -2.69058312e-01 -4.88018380e-02 7.53110988e-02 8.21393360e-02 2.59379840e-01 1.22255586e-01 -2.36671974e-02 8.25907011e-02 2.63777667e-02 -1.35866412e-01 2.17373308e-01 3.40185546e-03 3.10164355e-03 -8.81219890e-02 -1.07309685e-01 -5.33617210e-02 -1.57269657e-01 9.23540730e-02 1.16445940e-01 1.86531575e-01 3.64939367e-02 -8.75043451e-02 4.53194490e-03 1.79953770e-02 -1.89060049e-01 1.16688379e-01 -1.18734504e-01 -3.58415543e-02 -1.12400110e-01 1.06510624e-01 -1.26458980e-01 -4.33360591e-02 -2.91752310e-02 -2.57049226e-02 -2.77041657e-01
 1.39767030e-01 2.27481152e-01 -3.50343995e-02 -9.64882918e-03 -3.63337195e-01 -1.11625945e-03 -1.20561913e-01 9.91843220e-02 -2.84736731e-01 -1.67135279e-01 -1.78362519e-01 2.28883107e-01 4.40675680e-02 -4.78839171e-02 -1.54135416e-01 1.38486607e-02 -1.12642123e-01 1.07515120e-01 1.24612590e-01 1.06565484e-02 9.39002623e-02 2.72502401e-01 -8.69875067e-03 -2.16233862e-01 7.31592478e-02 -3.90033891e-02 1.29945342e-01 1.84707889e-01 1.31588850e-01 3.91058646e-02 3.56814149e-02 1.76672181e-02 -2.10171687e-01 -1.19840594e-01 -6.64200325e-03 -8.31748802e-02 3.84235612e-02 -8.45589588e-02 -1.55951965e-01 9.18456612e-02 1.70494323e-01 -5.99424441e-02 -3.79241149e-02 -1.45949205e-01 -2.22022977e-02 -6.47521014e-02 -4.73039518e-02 5.95480683e-02 3.57351527e-01 -3.25816034e-02
 -8.22722923e-02 6.81348352e-02 -3.05120557e-03 -2.30916427e-01 8.84375287e-02 1.35352720e-01 -8.01191232e-02 -1.48738572e-01 1.35804708e-02 -8.05158665e-02 -1.42572084e-01 6.91181181e-02 -3.57064980e-02 -2.51173787e-01 8.45410440e-02 2.22039739e-01 3.56049086e-01 1.06782527e-01 -1.65826106e-01 1.22547083e-01 -8.87479572e-02 -6.46440210e-02 5.41535594e-02 -2.18065988e-01 2.17766408e-02 2.12523797e-01 -3.58310942e-02 2.93580454e-02 -6.24818217e-02 -1.19805933e-01 -2.28176346e-01 -2.10520564e-02 -1.36914273e-01 1.56726300e-01 -8.43674288e-02 4.95232388e-02 -6.69520026e-02 -1.49209996e-01 6.16936447e-02 1.25081201e-01 -1.33151661e-01 -1.77694344e-01 1.33514309e-02 1.25150524e-01 2.90149475e-01 -4.47165511e-02 1.03801174e-01 1.29068976e-01 1.07808207e-01 -2.77027071e-01
 5.66495604e-02 7.65248274e-02 -2.06381279e-01 2.70353402e-02 -1.86204237e-01 -2.86017659e-01 -7.77910858e-02 1.40493643e-01 -1.06285496e-01 1.50997485e-01 -1.01536048e-01 2.00124459e-01 7.90929919e-02 -1.09299460e-01 3.01050384e-02 -1.68682553e-01 -2.64199332e-02 -2.35509335e-01 5.33279888e-03 -1.36355067e-01 1.50722951e-01 5.77810772e-02 -4.48849429e-02 5.04845751e-02 -3.64945417e-02 1.98663491e-01 -1.74950534e-01 -2.86362163e-01 2.51181766e-02 -1.63592658e-01 -2.55073074e-03 2.01087971e-01 -1.33164702e-01 9.40118968e-02 -1.41830136e-01 1.31351547e-01 -1.13574868e-03 -1.16695778e-01 -7.62605704e-02 -1.12938418e-01 -7.80708028e-02 -1.11836174e-01 -2.28002676e-01 1.72909805e-01 -6.62870278e-02 -1.22211703e-01 1.11395500e-01 -8.38293928e-02 -2.91398609e-01 -1.62419268e-01
 -1.96851183e-01 -1.53856871e-01 2.51386852e-03 1.09676362e-01 1.55749486e-01 -1.99596885e-01 -3.22336940e-02 -6.40724500e-02 -6.97981534e-02 1.24386863e-01 -1.33972876e-01 -2.62345990e-01 4.71132408e-02 -1.41337505e-01 -1.00342008e-01 6.65521714e-02 -1.84425955e-01 3.37124703e-02 -3.45048809e-02 1.40152729e-01 -4.98341273e-02 -5.77757712e-02 -1.12133798e-01 -2.97865468e-01 -3.39843166e-01 -1.81875986e-01 -9.76304968e-03 9.35698301e-03 8.11336283e-02 -6.78639729e-02 2.53253158e-02 -4.19439267e-02 -2.38249347e-01 -4.23369344e-02 -1.70251976e-02 -1.86478893e-01 3.40778173e-02 2.34274504e-01 -2.24399162e-01 -7.89327716e-03 -1.72097958e-01 9.30213822e-02 -1.81581852e-01 -1.42301929e-01 7.19049573e-02 -2.69741888e-01 4.51222986e-02 8.99592289e-02 -6.52038943e-02 -5.61896825e-02
 1.37863685e-03 -1.62476383e-01 -9.71731529e-02 1.15045273e-02 -2.08601433e-01 3.81081267e-02 9.14635806e-02 -2.84526889e-02 -1.18286608e-02 -1.00385854e-01 -2.09141350e-01 8.44468939e-02 5.38657807e-02 1.08688808e-01 -1.19792169e-01 1.37060644e-01 8.65151607e-02 1.70063363e-01 -1.03842839e-01 2.92095221e-02 -7.49922984e-03 -1.51604040e-01 1.17916127e-01 4.44019774e-01 -1.95675810e-01 1.00853869e-01 -1.63829909e-01 2.39433399e-01 2.88495200e-01 -1.83360931e-01 4.66433535e-02 1.00753341e-01 1.89212255e-02 -1.79863285e-01 1.97967321e-02 7.89221303e-02 -2.96333752e-01 8.89919258e-02 -1.07911685e-01 1.47620736e-01 -9.15953876e-02 1.41220895e-01 6.94208133e-02 6.87273549e-02 2.72043104e-02 -1.49551464e-01 1.32095833e-01 -5.65271187e-02 -2.50337739e-03 8.28502578e-02
 4.75568930e-02 1.14243804e-01 -6.68899663e-02 1.68697048e-01 -7.02950055e-03 -1.65017123e-01 2.71965716e-01 7.73143453e-02 3.02192048e-01 3.05793583e-02 9.04567628e-02 1.78010374e-01 -1.53243112e-01 -6.43891468e-02 8.83556102e-03 -1.10654911e-01 -3.06985671e-02 7.47526958e-02 1.01238609e-01 3.15691070e-01 5.80218432e-02 -1.28792441e-02 7.42732122e-02 -1.41454934e-01 -5.80391110e-03 -2.86043864e-02 -2.63316316e-01 9.45381003e-02 -2.72709817e-02 -8.02985702e-02 1.90232586e-01 7.25831435e-03 -3.80176407e-02 -9.73932224e-02 -2.83986951e-01 2.15965837e-01 7.97535554e-02 -2.73004634e-02 7.62833661e-02 -1.55747404e-01 -1.04270118e-01 2.32704142e-01 8.37990331e-02 -1.68808167e-01 2.23204011e-01 1.59957786e-01 1.02679206e-01 -3.43561526e-02 1.83382904e-01 -8.77101389e-02
 -2.19365051e-01 -1.23130012e-01 1.67797404e-01 -4.47120671e-02 -1.01332281e-01 1.82179308e-01 -1.35775040e-01 1.56512464e-01 3.96918886e-02 6.32223558e-03 -5.42745520e-02 8.09647012e-02 2.34648629e-01 2.27406761e-02 2.46815480e-01 -1.90799189e-01 3.65589675e-02 -2.50447626e-01 -2.19841940e-01 -1.06856641e-02 -1.44668753e-01 1.68466557e-02 1.47933685e-01 -6.05011903e-02 -8.74289111e-02 -2.99229459e-01 -2.60547875e-02 3.65739524e-02 -4.16736164e-02 -9.88828485e-03 1.62925768e-01 -8.71150350e-02 1.95902165e-01 -2.72210845e-01 -1.89802324e-02 7.06851594e-02 5.44749805e-02 -3.31060257e-01 -4.82177312e-02 2.02620781e-02 6.33913738e-02 -7.97899396e-03 -6.29791531e-02 -6.12950430e-02 1.89775209e-01 -2.15289628e-01 3.45849864e-02 -1.58239465e-01 2.98257401e-02 -8.54198828e-02
 -1.93037408e-01 -1.33018282e-01 -8.29240037e-02 -3.82182043e-02 -5.82423539e-02 -2.01661991e-01 -7.51980722e-02 -1.56803659e-01 -4.22060360e-02 -6.34939415e-02 4.13802902e-02 -8.21830933e-03 -3.82195460e-02 1.25691199e-01 -9.18692494e-02 -2.29615744e-01 1.64317317e-02 -1.58109132e-01 1.55317826e-01 4.25995532e-02 -1.66941745e-01 -3.80130606e-02 4.74399032e-02 -3.22865821e-02 -8.16617346e-02 -1.34425925e-01 -1.64308752e-01 5.19067549e-02 1.48977220e-01 2.24076665e-01 -4.97687820e-02 7.04358805e-02 8.66523708e-02 4.09890475e-01 -1.39611269e-01 8.51538506e-02 9.22768659e-03 1.02495048e-01 1.96676635e-01 3.29849143e-01 2.95902877e-01 7.57361832e-02 2.19769348e-03 1.36586476e-01 -4.82696195e-02 -9.10850182e-02 1.10159337e-01 -1.31756513e-04 2.11853128e-01 -1.35531245e-01
 -8.57684588e-02 -1.99305823e-01 1.49220464e-02 -1.22009740e-01 3.80872422e-02 9.73799151e-02 -2.17494937e-01 -3.76753887e-02 -8.61485451e-02 -4.92995301e-02 2.16758590e-01 -9.53638727e-02 -2.13791212e-01 -3.69691628e-02 2.01676983e-02 -1.03617734e-01 -8.79502143e-02 2.18785805e-02 1.59550440e-01 9.50216068e-02 -8.26649865e-02 -6.75778753e-03 -2.03841490e-01 -5.57260432e-02 5.74346516e-02 2.41670841e-01 -2.65665771e-02 -1.41974352e-01 3.10554187e-01 -3.32097588e-01 3.30672796e-01 8.39614938e-02 1.91396122e-02 -2.10584943e-01 6.72321510e-02 -1.24504706e-01 -5.34775603e-02 -1.78671962e-01 2.33106152e-01 9.86955572e-02 1.30576221e-02 3.07651451e-02 -2.13673346e-01 2.20583085e-02 2.93957726e-02 1.52435922e-01 -1.21165787e-02 1.15589971e-01 7.25733716e-02 1.86383208e-02
 1.86526594e-01 -2.15412725e-02 -5.84990823e-02 1.25076333e-01 2.51222594e-01 1.02901554e-01 -2.66840880e-01 5.36768020e-02 8.47918772e-02 -5.58250688e-02 5.65962250e-02 -6.51193889e-02 1.40191514e-01 -1.31901404e-01 -3.50265805e-01 -1.57631433e-01 2.30634034e-01 -7.36880506e-02 -2.88005393e-01 -1.08361997e-01 1.44704837e-01 1.08166535e-01 -1.69485526e-02 -1.13527332e-01 -6.28411515e-02 8.65033330e-02 -8.70163442e-02 -3.47205282e-02 2.51208134e-01 3.25218981e-01 -3.11380314e-02 8.77184349e-03 -3.90003066e-02 -1.55300125e-01 -2.31861357e-01 -3.72269026e-02 -2.15908951e-01 4.00718690e-02 1.21715110e-01 -1.15644098e-01 1.08666622e-01 3.98684922e-02 1.22919006e-02 -5.88493882e-02 8.84747937e-02 6.84748111e-02 3.67732702e-02 -3.55674814e-02 -2.38729185e-02 1.28019547e-01
 6.22764578e-02 1.01208492e-02 -1.09025258e-01 9.28891512e-03 -2.42720531e-01 1.41012355e-01 -2.27828768e-01 -6.74426493e-02 3.96648173e-02 -1.81013541e-03 -7.68756186e-03 -5.52065438e-02 -1.80592661e-01 1.17896017e-01 2.38397619e-02 -5.69313472e-02 -3.09121629e-01 6.82301373e-02 -2.41479569e-01 1.66355433e-01 -1.90012988e-02 -6.74295918e-02 8.88541787e-03 -1.33009471e-01 1.17826321e-01 1.20381639e-01 -1.08266576e-01 -4.07472404e-02 1.06518831e-01 2.30079146e-01 -1.36618530e-02 1.80465635e-01 3.30836282e-01 4.13652763e-02 1.04678835e-03 1.63411435e-01 1.53036059e-01 2.25195036e-01 -1.31944565e-01 2.45501216e-02 -2.89778107e-01 -2.63792225e-01 2.39201053e-03 -1.61957419e-02 1.85210838e-01 -6.40814107e-02 -1.32671059e-01 2.31145773e-02 -2.59232367e-02 7.11456140e-02
 -2.58401086e-01 7.30713342e-02 -7.11117350e-02 2.22078103e-01 2.75386305e-02 -1.24540438e-01 1.41040884e-01 -7.10659483e-02 -1.61280396e-01 -5.16642341e-02 -2.41826579e-01 7.23143645e-02 7.09332950e-02 8.11294932e-02 2.94519212e-01 -1.26749026e-01 8.01209045e-02 1.37759505e-01 -9.85282264e-02 7.70820565e-02 -1.43326244e-01 1.62368759e-01 1.11996032e-01 -3.91346896e-03 -4.19732067e-02 4.32289938e-02 -1.66656558e-01 -1.50798609e-01 3.40312226e-02 -1.63489233e-03 -5.78583455e-02 3.70034055e-02 6.40480830e-03 -9.44070935e-03 -6.37350272e-02 -2.18116921e-01 -3.63256816e-04 -1.67219552e-02 3.48228153e-02 2.64551293e-03 1.45288774e-01 -2.13160655e-01 1.15240626e-02 -8.21685019e-02 9.28412974e-02 2.47514172e-01 6.85400912e-02 2.36688250e-01 -8.06213351e-02 4.48507615e-01
 6.45709447e-02 -3.32778382e-01 1.25189175e-01 1.41318111e-01 -2.44624836e-01 -1.02268191e-01 1.85328139e-01 3.23040377e-01 1.10890063e-01 -1.03642068e-01 2.12686308e-01 -3.96137470e-02 -6.66280707e-02 -5.16877176e-02 -5.19248835e-02 -1.16991970e-01 1.90701559e-01 8.55410293e-02 -1.55115171e-01 1.90434286e-01 2.15887686e-01 6.97248611e-02 -2.43778350e-01 -9.05461666e-03 -4.30964346e-02 -3.01280195e-02 3.86256907e-02 -1.03765980e-01 -1.57952084e-01 -2.90279898e-02 -1.49444854e-01 -7.79726735e-02 -4.60121399e-02 1.50241853e-01 1.23239878e-01 8.17987849e-02 -1.37237638e-01 -7.92395715e-02 -6.60510358e-02 2.40939416e-01 4.97127557e-02 -8.05802491e-02 -1.41635082e-01 2.61702696e-02 1.14659575e-01 -9.07174058e-02 -1.91491957e-01 1.08250964e-01 3.88841591e-02 1.66752209e-01
 -9.26441351e-02 1.48135016e-01 1.50469786e-01 -7.40634127e-02 -1.92855850e-02 -1.90873240e-01 -2.97289905e-02 -3.51931846e-02 9.15203524e-02 -1.19965467e-01 1.91905906e-01 -1.97965077e-01 9.64821701e-02 -1.28621509e-02 8.93044201e-02 9.17734256e-02 -1.77417196e-01 -1.08246938e-01 4.91076265e-02 2.27818703e-01 2.69159970e-01 2.38139492e-01 3.84459743e-01 -6.18955834e-02 -1.76776303e-02 -1.51343594e-02 -1.01641249e-01 7.57682875e-02 1.84199091e-01 -2.06217867e-02 -1.60530241e-01 -9.41123608e-03 -3.14777209e-02 6.17895557e-02 2.64127169e-01 -8.39414905e-02 -2.70682663e-01 -7.78179943e-02 1.62233590e-01 -7.95681835e-02 -1.55326455e-01 -1.41844543e-01 -4.66099715e-02 6.78305576e-02 -4.17317881e-02 1.78968551e-03 5.49785397e-02 -2.61533118e-01 3.46450487e-02 6.04148060e-02
 2.06033950e-01 1.34741696e-01 2.75372567e-02 -7.90369373e-02 -1.56986368e-01 1.27447168e-01 -7.17847391e-03 -1.16081818e-01 1.97956839e-01 2.25160201e-01 2.64066547e-02 -1.66520804e-01 2.98574760e-01 1.28296649e-01 -5.89215591e-02 -1.73895393e-02 4.48100915e-02 9.68678445e-02 -2.82666069e-03 -1.05940257e-01 4.65949102e-02 -1.22204456e-01 2.33690332e-01 -5.93816683e-02 -2.29681527e-01 3.46932755e-02 -1.90137661e-01 4.78999934e-02 -7.02629071e-02 -1.77135572e-01 2.02491874e-01 1.22087090e-01 -1.66507632e-01 1.57898319e-01 -1.31726782e-02 -1.25151525e-01 1.50540198e-01 4.80546850e-03 7.62477890e-02 6.08792329e-02 1.75186518e-01 -2.79220131e-02 -1.25703107e-01 7.69975611e-02 1.46573244e-01 5.58209256e-02 -4.28282006e-01 4.56424228e-02 1.57307035e-02 5.94862207e-02
 8.09225484e-02 -9.00556573e-02 -1.09592470e-02 -1.26269698e-01 3.34668405e-02 1.00637169e-01 1.19079038e-01 1.45828928e-01 -2.26364874e-01 -1.94716757e-02 -1.68592705e-03 -1.44431091e-01 6.24106166e-03 -5.76235316e-02 1.01245433e-01 -2.27631025e-01 2.32002941e-01 1.28005169e-01 1.81825507e-02 9.63048417e-02 4.99746320e-02 -1.70646877e-02 1.04734031e-02 -1.69479417e-01 1.88101169e-01 -1.85834947e-01 -1.58755946e-01 9.43742034e-02 2.38117006e-01 -9.93428316e-02 5.61270381e-02 2.00690603e-01 -1.27862577e-01 9.38993467e-02 -1.78924387e-03 -4.46121386e-03 1.19906697e-01 -3.11067742e-02 8.03170358e-02 1.39044416e-02 -1.10694554e-01 -4.69394358e-02 4.49732705e-01 -1.40298920e-01 -2.32256153e-01 -1.68982377e-01 -1.25101592e-01 -6.24887407e-02 -2.69755777e-01 -2.85435202e-02
 -6.59975117e-02 -1.45867981e-01 7.03581898e-02 -1.77958393e-01 -5.26331383e-02 -4.16403397e-02 -1.29602977e-01 -4.45659334e-02 -4.77713462e-02 1.13784686e-01 1.13644371e-01 -8.30741967e-02 -8.91578429e-02 1.13612699e-01 4.13493973e-02 -3.01383136e-02 -1.13671982e-01 -1.11216192e-01 -9.02404687e-03 -8.18470480e-02 6.08902164e-02 -9.78103233e-02 3.69481108e-02 1.12060873e-01 1.33055281e-01 2.36002448e-01 -1.87197273e-01 2.49358983e-01 1.04185662e-01 -5.99905148e-02 -3.17061292e-01 -4.08131091e-01 -2.36784560e-01 2.30521731e-02 -2.25173806e-01 1.11144814e-01 1.89917012e-01 -1.27765819e-01 -1.60471656e-01 -5.46833670e-03 9.94987633e-02 9.34477428e-03 -3.59458424e-02 -3.16655120e-01 2.74013652e-02 4.76520531e-02 -1.55961792e-02 -1.85714046e-02 -8.84569937e-02 1.53893250e-01
 1.43679298e-01 9.27199678e-02 2.17270237e-02 7.25169947e-02 6.95244897e-02 -1.46532919e-02 7.32085354e-02 1.12721491e-01 -8.18442925e-02 2.80992234e-01 -2.22979761e-02 -1.20641172e-01 -8.72144173e-02 -7.97057700e-04 2.44011384e-01 -1.31407341e-01 -1.30268656e-01 7.65221068e-02 8.69733721e-02 -2.37282416e-01 1.03351076e-01 -4.70695524e-02 -1.46190686e-01 4.30077145e-02 1.44140387e-01 1.23097939e-01 -1.17086441e-01 5.09255494e-02 -4.56615634e-02 1.74345604e-01 -5.98339593e-02 6.91134820e-02 -9.53626259e-02 -8.44658778e-02 1.82286917e-01 -2.49225232e-01 -6.81064934e-02 1.49706342e-02 8.72132798e-02 2.26808277e-01 4.34384711e-02 1.05616690e-01 1.31342613e-01 7.08642901e-02 4.63299168e-01 -1.86215543e-01 2.08373598e-01 -1.69566878e-01 9.15450458e-02 -1.54629849e-02
 2.05118595e-01 -3.47851466e-01 2.36803694e-01 2.32805640e-02 1.17669462e-01 7.55664838e-02 1.01112243e-01 8.22003646e-02 8.18026586e-02 4.12285841e-02 -1.14405296e-01 -6.80524577e-02 1.20032496e-01 -9.40149439e-02 7.76746409e-02 1.32753363e-01 -1.33397022e-01 -7.27573262e-02 8.57398318e-02 -1.10265478e-01 -2.33410585e-01 4.41861907e-01 8.55663462e-02 1.06973160e-01 -8.22178114e-02 1.77619180e-01 8.45096292e-02 -8.60580987e-02 1.21166273e-01 -5.87836271e-02 -5.12981168e-03 2.35998906e-01 -5.70976221e-02 1.64246164e-01 1.44707583e-02 2.67050873e-01 1.12226750e-01 1.14582549e-01 2.06915609e-02 -7.15898707e-02 5.69030946e-02 -9.23347898e-02 7.16808253e-02 -2.11628414e-01 1.16162367e-01 -5.68442400e-03 7.95614667e-02 1.21205155e-02 1.29289774e-01 -3.88449059e-02
 -8.59696481e-02 8.43908711e-03 4.05524531e-01 4.57444242e-02 2.14427603e-02 2.04587938e-03 -5.34336377e-02 1.52806127e-01 -3.21402074e-01 -9.20945306e-03 -7.04269337e-02 -1.42764941e-01 -2.08387196e-01 5.75526410e-03 -1.32544916e-01 4.25982442e-02 -3.63858423e-02 -3.14971632e-02 -9.29975680e-02 -1.93535163e-02 5.74931520e-02 -3.65595827e-02 1.55205700e-01 -1.51751545e-01 -1.54567387e-01 1.49172042e-01 -1.33384480e-01 -1.42535778e-01 -2.02885524e-01 -8.88233387e-02 9.17372227e-02 5.67328388e-03 -1.75869868e-02 -9.30603199e-02 -1.61250846e-01 1.24890066e-01 4.35848633e-02 8.77408711e-02 -1.81763686e-01 1.20422202e-01 5.31854880e-02 5.73925480e-02 2.40186749e-01 3.32888628e-01 -8.51301469e-02 2.15941365e-01 1.09067655e-02 -2.21937885e-01 1.09874390e-01 7.24600006e-02
 -1.56264768e-01 1.87222307e-01 -1.50247166e-01 -1.60343833e-01 -5.63241022e-02 -1.39902818e-02 7.49484466e-02 3.32858219e-01 -6.23628967e-02 5.62839051e-02 1.67722855e-01 -1.56434350e-01 1.49085945e-02 8.02497292e-02 1.44532313e-02 -1.77902071e-02 1.78796458e-01 2.62812961e-03 1.79078389e-02 -2.29972084e-02 -3.29773147e-01 -7.61849389e-02 1.08046883e-01 7.91881828e-02 4.02093323e-02 1.59933977e-01 -3.63757042e-02 -3.30171843e-01 4.18226591e-02 1.51779736e-02 -1.28480013e-01 -1.66848162e-02 -1.34580917e-03 -3.37022820e-02 -5.80683919e-02 -7.58303528e-02 -1.32216307e-01 1.53006189e-01 -6.14354779e-02 -2.19387134e-01 -8.01601027e-02 9.28643322e-02 -2.33000849e-02 -1.44176957e-01 -6.08023089e-02 -2.20474195e-01 -1.86185818e-01 -5.06177865e-02 3.93280336e-01 1.89037352e-02
 1.57156048e-01 -1.22061527e-01 -2.66092946e-01 -1.57534171e-01 8.87125405e-02 -9.27388397e-02 -5.57850912e-03 -1.73505076e-02 -3.23555665e-01 -2.23254430e-01 -5.97155444e-02 -1.82593097e-01 2.05559149e-01 -5.47644068e-02 1.45649336e-01 -8.79824948e-02 -1.14339960e-01 2.40777140e-01 -1.05915513e-01 1.57736492e-01 4.93799597e-02 5.40276192e-02 2.59152566e-02 2.17732055e-01 -3.53042786e-02 -8.44678605e-02 1.94788594e-01 -6.28538827e-02 -9.46336009e-02 7.16472451e-02 -3.06148462e-02 -1.00664288e-01 -6.42632222e-02 -1.56083722e-02 -1.88690284e-01 1.07028398e-01 2.11764965e-01 -2.79533159e-02 2.04300722e-01 8.68608475e-03 -1.35041741e-01 1.85864520e-01 -1.69520499e-01 1.36124125e-01 1.41610895e-01 1.27181907e-01 -1.01003490e-01 -2.38998914e-01 6.17707581e-02 5.32041708e-03
 -7.32082310e-02 2.24077721e-02 1.28450647e-01 -1.30364694e-01 -1.42369217e-01 3.18757602e-01 5.42287782e-02 1.58660342e-01 8.50730027e-02 -2.45489650e-01 -7.19215738e-02 -1.73141168e-02 -1.31427225e-01 2.67671212e-01 -1.67021023e-02 -2.13213309e-02 -1.80157654e-01 7.95526588e-02 -4.05788784e-02 -8.59020673e-02 -4.44898524e-04 -1.23196508e-01 -3.48862915e-03 1.83858775e-02 1.07824642e-02 -1.91917222e-01 5.44608988e-02 -1.97374712e-01 3.77381650e-02 1.30418880e-01 1.53608410e-01 8.58831387e-03 -3.88153472e-01 3.09086809e-01 -1.25459383e-01 -7.74726327e-02 -2.03395435e-01 -2.62199556e-02 8.27630663e-03 -1.50002787e-01 -5.75279971e-02 1.04430467e-02 -9.22335452e-02 -5.37252019e-02 1.20165597e-01 1.31247644e-01 2.48478294e-01 -1.15962846e-02 -1.43797246e-01 -4.59848604e-02
 1.26742311e-01 1.87232037e-01 3.56918567e-02 -1.74970301e-02 2.86556151e-01 -4.77236863e-03 9.36087890e-03 -1.71256097e-03 -1.52503212e-01 7.57764731e-02 1.41227080e-01 -6.40926752e-02 2.73745248e-01 7.09774148e-02 -1.64750273e-02 5.41517789e-02 -8.18261604e-02 7.39937970e-03 -6.23524340e-02 3.45714889e-02 6.16396750e-02 -1.82485623e-01 2.08076463e-02 4.08603482e-02 1.38126163e-01 -1.78982810e-01 -1.33997468e-01 -1.67403953e-01 3.44617909e-02 -2.59628688e-03 -3.56634468e-02 2.17348423e-01 2.24981118e-02 2.94620241e-02 9.00550562e-02 2.70385967e-01 -1.14381871e-01 -2.01480426e-01 -2.87222504e-01 3.39717102e-01 -8.13112870e-02 6.76865763e-02 -1.30224823e-01 -2.17753317e-01 -7.06738465e-02 1.81996504e-01 1.40068490e-01 2.17222699e-01 1.27817691e-01 -1.99111623e-03
 -1.62948966e-01 4.17696248e-01 1.54573899e-01 -3.77078182e-02 -1.16007498e-01 -6.27636582e-03 6.96119068e-02 -9.86480903e-02 -6.10006650e-02 9.29481929e-02 9.42278979e-02 -1.82597192e-01 -3.41127531e-02 -7.00950751e-02 5.59702840e-02 1.73732427e-02 -1.04679988e-01 3.59192927e-02 -3.86615118e-01 1.44796742e-01 -7.86491621e-02 1.59918071e-01 -4.30016600e-01 2.18849799e-01 -1.76322534e-01 3.94010355e-02 5.41705704e-03 1.17964136e-01 3.27021105e-02 -4.94470420e-04 1.07760254e-02 1.11027911e-01 -3.77412480e-02 1.56826132e-02 -1.52367953e-02 1.59615102e-01 -5.28899027e-02 -2.12277614e-02 1.42331359e-01 -6.56201781e-02 2.50656796e-01 2.91645051e-02 6.56854768e-02 -1.03129751e-01 -6.03656471e-02 -4.02032013e-03 -5.00031237e-02 -2.53467435e-02 -8.37130481e-02 -1.62815646e-01
 9.51723426e-02 -9.72043406e-02 1.34909224e-01 2.27990838e-01 -1.42183145e-01 -1.10557816e-01 -8.08313782e-02 5.87775790e-02 -1.72580422e-01 1.98389426e-01 3.07193947e-01 2.69639044e-02 8.28035699e-02 -8.20541904e-02 1.98847924e-01 -3.79942255e-02 2.29927338e-03 5.62447203e-02 -2.73070392e-01 -2.59908540e-02 2.89814049e-02 -2.09372723e-01 2.52181627e-01 6.13146354e-02 1.45494260e-01 -3.27008283e-02 2.52083646e-01 1.63800671e-01 7.69100016e-02 -7.27246592e-02 1.21167775e-01 -4.28015290e-02 -8.22415437e-02 4.54907848e-02 -1.20859841e-01 -4.70720105e-02 -1.83176003e-02 2.30798718e-01 1.20785232e-01 -1.48292554e-01 1.68618217e-02 -1.12923226e-01 -8.07090867e-03 1.12831487e-01 -7.79529844e-02 9.67673729e-03 2.21024457e-01 2.97187880e-01 1.32111440e-01 -1.29734959e-01
 5.40784728e-02 -3.38446158e-02 2.48131392e-01 -1.85101999e-01 -1.24783386e-01 -6.79699113e-02 -1.05727890e-01 -2.55432021e-01 -1.52153200e-01 2.29019289e-01 1.53616662e-01 1.77887075e-01 -6.11850844e-02 2.14914651e-01 1.38743775e-02 -9.57407122e-03 1.08134231e-01 1.21400752e-01 1.32195672e-01 -1.48963316e-02 3.29159611e-02 3.29906964e-01 5.61570984e-02 6.16615670e-02 -1.47670658e-01 -9.14946801e-02 -4.44344830e-02 -1.68784901e-01 -1.15214503e-01 2.03838844e-01 -1.31486900e-02 -4.68940609e-02 -2.66955178e-02 -1.48251392e-01 -1.56855719e-01 2.51625376e-02 -1.54476643e-01 -2.52601488e-02 1.16146885e-01 4.06929565e-02 -3.08804498e-01 1.77602825e-01 8.63443943e-02 -2.41999687e-02 4.26043763e-02 -1.27006627e-01 -8.83128393e-02 2.83786104e-01 -1.19612715e-01 -2.18023536e-02
 2.01093519e-02 -4.89415644e-02 1.46442894e-01 6.77906013e-03 -6.97833077e-02 1.47031372e-01 5.95490491e-02 7.82564008e-02 -1.53813656e-01 6.25712918e-02 7.22194810e-02 5.37446170e-02 6.95514884e-02 5.77974702e-02 -1.29408258e-02 4.27348077e-01 2.09069946e-01 -1.07814291e-01 1.00933636e-01 3.56132706e-01 4.88457883e-02 1.13178368e-02 -1.94047005e-02 4.53638210e-02 2.39036706e-01 -2.45175006e-02 -1.75864804e-01 -2.40821628e-02 -1.11598670e-02 1.45704914e-01 -1.88978278e-02 1.78756405e-01 5.79068817e-02 -8.91524060e-02 -1.36858103e-01 -1.91405647e-01 1.91762693e-01 2.00925399e-01 4.82978462e-02 6.64762356e-03 2.04426082e-01 6.85954987e-02 -3.29309564e-01 -3.21663746e-02 3.72578642e-02 -4.95028202e-02 1.03318178e-01 -1.44972015e-01 -1.86156901e-01 -1.84115905e-02
 -1.11041260e-01 1.11659820e-01 -1.93190102e-02 1.64598630e-01 8.92419740e-02 2.72660455e-01 1.96107173e-01 4.59493535e-05 5.70953401e-02 -5.92375917e-02 1.63876030e-01 1.48646017e-01 1.34141459e-01 -6.07985106e-02 3.60627681e-01 -1.50174961e-02 4.40204600e-03 -1.04885266e-01 1.24293898e-01 -5.81342117e-02 9.06476065e-02 8.18257747e-02 -8.06098857e-02 -3.08833843e-02 -1.41162330e-01 1.70186010e-01 8.62299886e-02 2.58147117e-02 2.51341517e-01 1.38389393e-01 9.91650170e-02 -1.86053353e-01 -8.74356151e-02 -4.63605981e-03 -2.27083428e-01 8.26741952e-03 -5.84338623e-02 2.12884040e-01 -1.56704752e-01 3.44990219e-01 -1.69173537e-01 -6.53822750e-02 -5.78720041e-02 7.67207345e-02 -1.31112720e-01 6.17495106e-02 -2.04443253e-01 -1.15302012e-01 -2.84999262e-02 -1.12496283e-01
 -8.09168969e-02 -1.51945959e-01 -1.72026942e-01 -4.05424571e-01 8.75650890e-02 1.21088501e-02 -1.35023678e-01 2.58001883e-01 -1.79839628e-02 1.17084695e-01 8.29159965e-02 3.06431931e-01 8.99187587e-02 -1.39939612e-01 1.05784153e-01 5.24341035e-02 -1.17642657e-01 6.74575377e-02 -1.41527584e-01 7.44503651e-02 1.17733948e-01 2.74051381e-02 -1.92272011e-02 -3.90499959e-02 -2.34890384e-01 1.73307094e-01 -1.39176124e-01 1.50909620e-01 -2.63446192e-01 1.41468598e-01 2.16724060e-01 3.66805624e-02 5.66430992e-02 1.75323025e-01 1.40056321e-01 -1.52001243e-01 -5.73341543e-02 1.17693305e-01 7.28665600e-03 3.10785140e-02 2.32783183e-02 5.68870823e-02 7.76915499e-02 -1.77578078e-01 -1.73898864e-01 1.12033636e-01 1.15040416e-01 -4.59878246e-03 3.96351996e-02 8.96095192e-02
 -3.66609178e-01 -9.46745195e-02 -1.81294061e-01 2.13314677e-01 -1.66735609e-01 1.74182361e-01 -5.68647706e-02 2.07605573e-01 -1.27808619e-01 1.13683647e-01 1.34430970e-01 -2.80397090e-02 1.79948950e-01 9.21546644e-02 -5.65425168e-02 2.02222578e-01 -1.20132208e-02 -1.80476127e-03 1.62656795e-01 -1.69827258e-01 7.36919538e-02 -4.48235346e-02 -1.03847634e-01 -1.56374670e-01 -1.58982207e-01 -1.85273111e-02 3.02936097e-02 1.62574023e-01 3.76296659e-02 5.42862807e-02 -2.85065290e-01 2.25568748e-01 -3.86165840e-02 -3.37743301e-02 8.31283729e-02 1.81363735e-01 9.76497045e-02 -1.20748573e-01 2.04385355e-01 -1.27139793e-01 -1.49502777e-01 1.29960745e-01 9.32150651e-02 8.87422890e-02 9.67764008e-02 2.34050517e-01 -2.07068780e-02 9.02577929e-02 -7.43950003e-04 9.83133533e-03
 -6.11777119e-02 9.49708301e-02 1.51776204e-01 1.39744095e-01 1.28725149e-01 -5.98361646e-02 -1.53546249e-01 8.32643482e-02 -6.15529923e-02 -5.99805901e-02 -3.79440983e-02 1.29555779e-02 -3.56481275e-02 1.99535209e-02 7.05613255e-02 -3.15040478e-02 1.20055589e-02 1.41359199e-01 3.09064088e-02 -1.37513191e-01 -1.07164283e-01 9.01766160e-02 1.47530014e-02 -1.20859729e-01 1.86759219e-01 9.60841167e-02 1.23237159e-01 3.54651856e-01 -1.28044347e-01 -1.63355798e-01 3.94510318e-02 1.97675181e-01 2.26347437e-01 3.14034407e-01 -2.47521229e-01 -2.25764120e-03 -2.71206504e-01 -5.88465886e-02 -4.21872904e-02 -2.06942122e-02 -1.02552569e-01 2.76927619e-01 -2.41940278e-01 -6.83635982e-02 3.08093553e-02 -1.24073681e-01 -1.54451331e-01 -1.03663883e-01 -1.22456644e-01 1.65699112e-01
