 -7.40203465e-02 6.69834742e-02 5.67592718e-02 1.77019903e-01 -8.60445330e-02 5.01507980e-02 1.80406429e-01 -1.36708935e-01 3.08179996e-01 -7.86057913e-02 3.34171433e-01 -1.63006515e-01 -1.01791562e-01 -2.87171131e-01 1.69469493e-01 2.65211893e-02 1.11448128e-01 1.28917410e-01 2.69878369e-01 -3.92391646e-02 1.44707289e-01 1.28439081e-01 1.70916029e-01 6.13014720e-03 1.90074012e-01 -2.08753786e-01 -8.09574978e-02 7.73120642e-02 6.57579089e-02 -1.06370939e-01 -8.46314345e-02 1.60916640e-01 1.21162790e-01 9.67781221e-02 3.09346552e-02 -1.64745588e-01 1.80806577e-01 8.58891771e-02 -9.39732782e-02 1.79557107e-01 -1.00421686e-01 1.53110300e-01 9.76117051e-02 3.79081158e-03 1.20663120e-01 1.28747537e-01 5.15567928e-03 8.19950561e-02 -8.02509785e-02 -3.09983284e-02
 -2.65136839e-01 -4.40274687e-02 -8.44823594e-02 -1.74582485e-02 2.58546813e-01 -6.90127203e-02 1.76005808e-01 -1.92974008e-01 -3.99655144e-01 3.71922245e-03 1.35794545e-01 -5.27704584e-02 -5.58377156e-03 6.04381872e-02 -1.38132153e-01 -2.18707795e-01 7.21840538e-02 3.54666988e-02 -1.00708047e-01 -4.27523146e-02 1.13203035e-02 7.33121446e-03 1.40274262e-01 5.95862764e-02 1.18461286e-01 -5.93358430e-02 6.42432323e-02 -1.27281078e-01 2.38957815e-01 2.15886961e-01 1.02770383e-01 -1.32410671e-01 -4.92533225e-03 1.85463165e-01 8.71736352e-02 -2.68444251e-02 1.80425743e-01 7.69270726e-02 9.47687702e-02 5.39841336e-02 -6.88761924e-02 -1.57849654e-01 8.11296206e-02 2.82204641e-01 2.74450977e-01 -5.22856724e-03 3.48927517e-02 4.29042348e-02 1.51055508e-01 8.47812738e-02
 6.10383323e-02 2.29705618e-02 4.94078933e-02 5.23401617e-02 -1.36897650e-02 2.68302076e-01 -1.01437164e-01 2.11002673e-02 -8.30357231e-02 -5.74674299e-02 -2.93186194e-02 2.36419985e-02 1.76186521e-01 -2.12923932e-02 1.50572867e-01 1.10013060e-01 8.06623952e-02 -8.69170782e-02 -9.46975402e-02 3.26562267e-01 2.92338574e-01 -8.70935991e-03 2.67107335e-01 3.69764764e-02 -1.70158637e-01 -3.93010455e-01 3.44538702e-02 -1.23368864e-01 -5.32480514e-02 3.40716608e-02 -4.85562183e-02 -1.23251052e-01 1.96095762e-02 -5.21463309e-03 8.31173268e-02 1.28245393e-02 -1.38678075e-01 -2.07115885e-01 1.93189091e-01 1.19107812e-01 -4.72563699e-02 -5.24704122e-02 -2.17910259e-01 -6.21577600e-02 1.76993389e-01 -1.86596462e-01 1.07698766e-01 1.92008628e-01 2.65238597e-02 -1.66477060e-01
 2.77430363e-01 -1.66600641e-01 -1.24362962e-01 -4.36881200e-01 -1.72729397e-01 -1.45039041e-01 -9.10196726e-02 -7.24254702e-02 1.54072593e-01 1.42478272e-02 5.07045001e-02 7.73069689e-02 -1.20360669e-01 -1.20688200e-01 -1.35349252e-01 -6.42336020e-02 5.82372087e-02 -2.10033800e-01 2.38386029e-01 -1.06432505e-01 1.36108544e-01 -8.92000063e-02 9.82170503e-02 -8.51898519e-02 1.32753654e-01 -1.69486267e-01 -6.45050863e-02 1.45507282e-02 5.67198259e-02 -1.03347004e-02 -4.54231120e-02 -2.15782226e-01 -2.71000097e-03 -1.38422559e-01 1.85328093e-01 1.08610979e-02 2.50680121e-02 -2.03639475e-01 1.81817515e-01 -1.32003220e-01 9.40972641e-02 -1.75400936e-01 7.26144931e-02 9.38993585e-02 1.03770997e-01 1.29819523e-01 -1.98328724e-01 -2.18490942e-02 2.62275291e-02 1.03900071e-01
 -2.46826869e-01 7.71385382e-02 4.49983910e-02 -2.13817221e-01 2.29381200e-01 1.15601129e-01 -9.26391302e-02 -1.53264894e-01 -1.20193340e-01 -1.43264540e-01 -3.79353838e-02 -1.40004070e-01 -2.10798652e-02 -2.11926691e-01 -2.05129125e-01 6.38127699e-02 4.89212398e-02 -2.45867048e-01 1.12383371e-01 3.20118732e-02 2.86102623e-01 1.16797020e-02 -1.19199143e-01 -2.22938839e-01 -4.19434110e-02 1.37729403e-01 1.47382545e-01 -1.10887934e-01 -3.05334353e-01 -1.09001931e-01 -2.80022170e-02 3.08164334e-01 -2.09390418e-02 1.16222345e-01 -1.07497010e-01 9.69534754e-03 5.08706639e-02 -9.08761859e-02 1.24046713e-02 -1.53807980e-01 1.29619123e-01 1.11484989e-02 6.56348374e-02 4.71500446e-02 -3.12041946e-02 1.32081276e-02 6.83533678e-02 1.84348531e-01 -1.79204830e-01 7.86049950e-02
 -9.47324408e-04 4.35590064e-02 -6.65229729e-02 -9.52904853e-02 -2.30481978e-01 -1.07336786e-01 1.31064205e-01 -3.46798887e-02 -9.99993290e-02 -1.14655780e-01 -4.34489300e-02 -3.36075257e-02 1.24847121e-01 1.64463009e-01 -1.54955068e-01 -5.99802651e-02 4.29029386e-02 1.70275445e-01 6.13588358e-02 7.86495486e-02 -1.83614262e-01 -1.65828484e-01 8.43353422e-02 -2.87404127e-01 7.14620594e-02 1.07951656e-02 2.96320488e-01 2.23763088e-01 -1.52899404e-01 -2.25563573e-02 -2.37100927e-02 -5.55892164e-02 3.96391450e-01 6.77039494e-02 -6.15515542e-02 -6.87340047e-02 -1.95280833e-02 8.55038311e-02 2.64297768e-01 -8.85235547e-02 -1.18112315e-01 2.26636890e-01 5.39623117e-02 -5.45540900e-02 1.41445932e-02 -2.72351762e-02 -8.41230461e-02 2.02729602e-01 3.27005470e-02 -2.56555026e-01
 1.22341153e-01 -1.29819582e-01 3.47302814e-01 -8.76226356e-02 1.34822015e-01 1.03422986e-01 3.26353953e-03 -6.10470547e-02 -2.09084962e-02 3.92350111e-02 1.06739683e-02 2.50864909e-02 3.79352564e-01 -1.47477333e-01 -1.71167463e-01 -6.78082977e-02 8.01726567e-02 1.76285155e-01 2.19392168e-01 -1.35139805e-01 -1.34344175e-01 3.75611085e-02 -4.39619067e-02 -2.49928802e-01 -9.98576361e-02 6.50613025e-02 -2.71946027e-02 -8.88090842e-02 -1.04289662e-01 1.48559929e-01 -6.70759881e-02 -2.15164312e-01 1.98148621e-02 -1.23541332e-01 7.93149990e-02 -7.17472436e-02 1.58876147e-01 -1.48724672e-01 -2.39794938e-01 1.37977418e-01 -1.21815476e-01 3.08135314e-03 -6.46279287e-02 8.50586167e-02 1.22960853e-02 -6.41532370e-02 1.79331289e-01 -2.31787634e-01 -1.15481166e-01 -1.72995862e-01
 -1.95596724e-01 2.63121267e-01 6.01263952e-02 -3.77369968e-02 -9.45965019e-02 -2.82333901e-01 1.23443670e-01 3.24214006e-02 3.97168383e-02 -2.57582705e-01 -4.12452576e-02 2.35161298e-02 -5.07111140e-02 4.36996539e-02 -5.68002666e-02 -1.21485749e-01 1.95980651e-01 -1.30541775e-02 -2.15596034e-01 1.03447646e-01 9.51196754e-02 5.05224901e-02 6.68421777e-02 1.82380679e-02 -4.96214652e-02 -2.24155834e-01 -1.66378948e-01 2.51964803e-01 -1.73766991e-01 1.04247038e-02 -4.39101853e-02 -9.61803528e-02 -1.72806909e-01 -1.16479351e-01 -2.09645576e-01 6.07596196e-02 1.92343298e-02 -1.22315589e-01 -1.62590140e-01 -1.33223881e-01 9.26990683e-02 -8.33918494e-02 1.03611155e-01 1.90602567e-01 -3.23481081e-02 1.46075751e-01 1.42555266e-01 -2.26582285e-01 1.84096249e-02 -2.91146766e-01
 -6.81308114e-02 1.61573041e-01 -8.67925513e-02 -6.32568297e-02 -6.26890486e-04 1.20284510e-01 9.41126079e-02 -2.93212309e-02 1.90742480e-01 2.47530076e-01 -6.58901398e-02 -8.95515111e-02 -8.38530170e-02 7.66311778e-02 8.02530709e-02 -8.35521964e-02 -4.24140358e-02 9.80278136e-02 1.63279790e-01 -1.50907410e-03 4.89101362e-02 -1.30809115e-01 -1.21193490e-01 -1.43842523e-01 -5.30312477e-02 -1.36164486e-01 6.97439583e-02 -1.94410467e-02 -1.03892359e-03 -5.39576981e-02 -2.29502458e-01 -5.34711726e-02 1.69360353e-02 3.65144843e-01 1.78601325e-01 3.32249574e-01 6.63057482e-02 1.48102085e-02 1.00970953e-01 -1.01624990e-01 7.95018179e-02 -1.97987992e-02 -1.36735789e-02 -1.84428939e-02 -1.34076605e-01 -5.85256384e-02 3.78866807e-01 -2.46642948e-01 2.89669393e-01 3.51326374e-02
 -6.87107616e-02 4.25358877e-02 2.65918491e-01 1.43153663e-01 -7.25152153e-02 6.74177213e-02 -1.85361115e-02 -1.16186375e-02 -1.05373266e-01 2.53064051e-01 -1.72628060e-02 2.79023446e-01 -4.14470729e-01 -1.61105759e-01 -1.21611807e-01 1.84088165e-02 1.02419109e-01 -4.50129125e-02 1.77598913e-02 1.06080762e-01 -1.75825302e-01 -2.74395525e-01 -7.27553887e-02 -2.32107253e-02 1.33088625e-01 -1.43062808e-01 3.19491767e-02 -1.09275720e-02 -1.01657198e-01 -1.37339396e-01 2.56176618e-01 6.36349235e-02 9.48443762e-02 1.97293162e-03 5.31080112e-02 2.20923201e-01 8.15672391e-02 -3.64974221e-02 -5.06154364e-02 1.39212975e-01 -1.39318280e-01 -2.70395389e-01 4.86770979e-02 1.57804017e-02 -4.27339404e-02 -9.07099809e-02 -7.83509825e-02 3.69138393e-02 -1.38017794e-01 -1.70875980e-01
 -1.85343686e-01 -2.49391920e-01 8.15667477e-02 5.57198435e-02 6.49631362e-02 -1.17111854e-01 -1.03694905e-01 -1.18879847e-01 -1.05088357e-01 -6.72565570e-02 5.73313648e-02 -7.53596891e-02 7.23853004e-04 -4.27187700e-02 -1.44719273e-01 3.42846304e-01 1.04387733e-01 -1.09717213e-01 2.39541320e-02 -2.52206465e-02 -1.44469404e-01 3.21479533e-02 7.00967794e-02 1.78311639e-01 -3.18915708e-01 -6.31023535e-02 -6.50286938e-02 2.10681361e-01 6.86819382e-02 -1.09263607e-01 -2.01762189e-01 -2.32138615e-02 1.43758679e-01 7.71613015e-02 3.13264939e-01 -2.13659509e-02 -1.31126965e-01 1.42578780e-01 1.93841841e-02 -1.96859345e-01 -2.40195485e-01 -1.61999702e-01 -4.56103258e-02 -6.70895344e-02 -1.65427355e-01 2.49884123e-01 8.73493237e-02 -2.59963412e-02 -1.68935346e-02 -1.67224540e-02
 -8.85319299e-02 3.31364901e-01 1.13942526e-01 -9.19243301e-03 1.12081499e-01 -2.11811071e-03 -1.67034119e-01 1.44922908e-01 9.96039511e-02 -9.07832595e-03 -1.36385805e-02 -1.94186685e-01 7.83520076e-02 -3.16194510e-02 -3.60304598e-02 2.26088268e-01 -2.52014968e-01 -5.87305762e-02 6.27493399e-02 1.36172345e-01 -2.36526963e-01 1.02875073e-01 2.77369770e-02 -2.52792054e-02 5.57108256e-02 1.02783164e-01 1.23193221e-01 2.29135205e-02 -4.26616357e-02 -5.80991098e-02 1.29700287e-01 -5.02060586e-02 -1.06692950e-01 -1.08357903e-01 3.04044525e-01 -1.56574190e-02 -7.46202106e-02 -8.36956392e-03 2.26667636e-01 2.93655634e-01 1.76732542e-01 -3.40963387e-02 2.34313669e-01 1.60137589e-01 1.57796641e-01 2.26460456e-01 -3.48647422e-02 -6.43035593e-02 1.38857230e-01 -1.27524857e-01
 1.89314265e-01 1.09040702e-01 -2.74212509e-02 4.97077994e-02 -1.05214521e-01 -1.02190931e-01 -1.62801356e-01 2.62231240e-01 -2.49393518e-01 1.18182465e-01 1.55933090e-01 -1.47166110e-02 -1.67374660e-02 2.03717230e-01 -3.24220128e-02 -1.21904962e-01 5.58272924e-02 -2.78585440e-01 2.00636488e-01 -1.45745003e-01 -8.58705376e-02 1.01961823e-01 3.32711902e-01 -1.71573409e-01 -8.77991035e-02 -3.48296406e-02 -1.73860860e-01 -1.03533482e-01 -1.69040388e-01 2.53397029e-03 -1.66938064e-01 1.50512964e-01 -1.29762412e-01 7.68057505e-02 -1.11556974e-01 9.58110726e-02 -6.02727798e-03 3.39593804e-01 4.67249354e-02 1.16924758e-01 -8.39796069e-02 -3.91162725e-02 1.00076759e-01 -3.85812591e-02 9.33442564e-02 -1.74012072e-02 1.32606240e-01 -3.66427545e-02 -1.45489132e-01 -1.58500163e-03
 2.43663200e-02 1.17406871e-01 -2.15245309e-01 -1.51102826e-01 1.66181721e-01 4.12789126e-02 8.20822017e-02 4.89712845e-02 5.13524435e-02 1.34679082e-01 -1.09685549e-01 1.08838757e-01 -3.41057038e-02 -1.36161925e-01 -2.87623133e-02 5.47409848e-02 1.24327042e-02 2.92172911e-02 1.46023919e-01 3.35064308e-01 -5.17462763e-02 1.52456912e-01 1.15286954e-01 1.92509230e-01 -4.11001233e-02 1.43431582e-01 -1.58400071e-02 1.15428972e-01 -2.21502045e-01 -4.35000014e-02 -1.60625255e-02 -2.79080672e-01 1.40838452e-01 4.70667936e-02 -3.00339184e-01 -2.68132083e-01 1.58161523e-01 5.38709245e-02 2.33476996e-02 9.74795346e-02 -1.55355255e-01 -2.72852175e-01 1.32062136e-01 -1.76344696e-01 -4.67604903e-02 -4.69883721e-02 8.55702762e-02 -6.59049231e-02 5.11069321e-02 2.14731566e-01
 -7.55687033e-02 -2.25894145e-01 -6.70365911e-02 -7.89818834e-02 -5.27517696e-02 -6.14770083e-02 1.61557844e-01 1.95372018e-01 1.04978255e-02 8.63930215e-02 2.62894071e-02 6.28232158e-02 -1.09336038e-01 6.65210258e-02 9.63180859e-02 4.76121105e-02 1.41201759e-01 -1.16829697e-02 1.65601375e-02 7.07848631e-03 1.54775716e-01 2.56393283e-01 -1.29856958e-02 -1.70421508e-01 -1.76988702e-01 2.27147103e-01 8.10231225e-02 1.00298558e-01 1.21108940e-01 -5.14670198e-02 -6.49353923e-02 -3.60303594e-02 -1.97440092e-01 1.13037050e-01 2.18148304e-01 -9.84279301e-02 1.02681870e-01 -3.49080051e-02 -1.28686519e-01 1.34851758e-01 1.41520607e-01 -1.50056596e-01 2.23167715e-01 -2.79592066e-02 -1.53422499e-01 -2.77140518e-01 -1.05857408e-01 2.54138702e-01 1.03479744e-01 -3.52646920e-01
 -1.36889956e-01 -8.28926906e-02 -2.48815847e-01 -1.39273232e-01 1.34964755e-01 1.10194974e-01 1.64484315e-01 1.61787630e-01 2.53417994e-02 -2.32728691e-01 1.71616087e-02 -1.28495541e-01 -1.12020217e-01 2.31617832e-01 2.00206364e-02 4.15610627e-02 -2.21104190e-02 1.96211533e-02 2.50599483e-01 2.06772444e-01 -4.49106233e-02 -2.20762436e-01 -3.19128095e-02 -1.90484033e-01 -9.91077809e-02 -1.59404655e-01 5.75297909e-03 9.98579475e-02 1.74468545e-01 6.36021636e-02 2.17628984e-01 -7.15024906e-02 -9.31460055e-02 -2.24805772e-01 5.84644003e-02 7.18298298e-02 5.63593691e-02 1.53656691e-01 -1.09692300e-01 1.87522108e-01 4.87418757e-02 -8.34324321e-03 -1.89770513e-01 6.75408837e-03 -1.46035163e-01 6.85101164e-02 1.00823497e-01 1.56327501e-02 -3.35719824e-01 1.16032855e-01
 1.33078537e-01 -1.50494897e-01 1.38150873e-01 1.51362255e-01 7.86361152e-02 -1.30040228e-01 -1.40569148e-01 -5.34587391e-02 5.73407356e-02 -7.16017478e-02 -1.76596665e-01 -1.29318080e-01 -2.36113451e-01 1.51771015e-01 -1.28937900e-01 -7.78209915e-03 -5.16190439e-02 -1.82367043e-01 -9.48151448e-02 -2.55618270e-02 -3.11218843e-02 2.65395265e-01 -1.27265502e-01 3.57765574e-02 -8.38313598e-02 -1.91466340e-01 2.31806806e-01 -1.13678193e-02 -3.99537208e-04 -1.66611773e-01 -8.00865123e-02 -2.45099196e-01 1.02460555e-01 5.78577910e-02 -1.10120427e-01 4.56108510e-02 4.68599926e-01 6.23749549e-02 -1.35724063e-03 1.22354927e-01 2.02755697e-01 1.55907957e-01 -1.81746474e-01 -8.62739617e-02 1.33274361e-01 3.83280952e-02 -2.26971457e-02 7.30959551e-04 -4.06980855e-02 -9.98691032e-03
 2.63004850e-01 -1.11221826e-02 -1.28582826e-01 -1.45494239e-01 -7.93304214e-02 -1.77338458e-01 1.07480326e-01 -2.59468456e-01 1.65952691e-01 3.88182627e-02 1.66613560e-01 -2.26304477e-02 1.49240594e-01 7.26296253e-02 5.05546025e-02 9.96183923e-02 8.38761009e-02 3.52489537e-03 -8.72105380e-02 4.29503193e-02 -7.27342254e-02 1.06326833e-01 -1.95540642e-01 2.14878824e-01 -6.72092803e-02 2.71075338e-02 2.74067923e-02 -7.45377513e-02 -1.56109348e-01 3.63333179e-02 3.73014970e-01 1.58438948e-01 2.89601987e-02 6.82059290e-03 1.39936426e-01 6.94532871e-02 6.17647788e-02 1.86861600e-01 3.98154952e-02 -1.10155443e-01 9.59006501e-02 -1.50264537e-01 1.72290525e-02 -4.00709545e-02 2.16800745e-01 -1.12929757e-01 3.49358232e-01 6.68618001e-02 -1.91050852e-01 -1.60758320e-01
 -5.43036660e-02 -7.56314488e-02 2.19793699e-02 3.26589927e-01 -4.30546530e-01 4.95859543e-02 -5.32631163e-02 4.40985897e-02 2.69539727e-02 -1.21592635e-01 -1.27602483e-01 1.23395261e-01 -9.90482390e-03 -5.46602927e-02 -1.44182787e-01 -4.36887848e-02 -1.30803129e-01 -5.08006422e-02 1.21066621e-01 1.49017458e-01 -6.72057407e-02 5.18019609e-02 5.91870243e-03 -9.66327832e-02 1.92309133e-02 1.52554861e-01 -1.27204030e-01 -2.69024613e-02 5.67204078e-02 2.54391148e-01 9.84850162e-02 -1.65557901e-01 -1.19833266e-02 2.89760635e-01 3.96846420e-02 -9.94686194e-02 -1.17729928e-02 -1.52943363e-01 -6.50438785e-02 -1.05694866e-01 1.89710681e-01 -6.65511871e-02 3.76902265e-02 5.18559075e-02 4.82472633e-02 1.97429342e-01 2.96823138e-01 2.32844225e-01 -1.16166411e-01 1.54603191e-01
 -1.91479472e-01 1.89178725e-02 2.03167822e-01 -3.77260165e-01 -6.91310355e-02 -1.23558089e-01 3.69351778e-02 4.91963410e-02 9.39455907e-02 1.82262292e-01 -3.75318435e-01 9.62522812e-02 1.19134050e-02 4.44918941e-02 2.30279188e-02 -1.35849644e-02 1.24738200e-01 4.66746811e-02 -5.00104631e-02 9.59194138e-02 -8.80679189e-02 2.04323453e-01 4.22919043e-03 2.07015364e-01 2.28868671e-01 -1.13986607e-01 -5.13683701e-03 -1.25140758e-01 1.03111901e-01 1.27962800e-01 -2.13547386e-01 6.18770914e-02 -5.69644901e-02 9.29620097e-02 1.03500931e-01 -1.62528448e-02 -9.26548213e-02 9.30804610e-02 8.58842413e-02 1.14382304e-01 -8.18929284e-02 2.23570858e-01 7.68922197e-03 1.00029076e-01 -8.36856296e-02 -1.39659223e-02 6.21617911e-02 1.15178634e-01 -3.54560669e-01 6.20561745e-02
 -2.59110475e-01 1.19566954e-01 9.38460468e-02 2.96907916e-02 3.31791147e-02 -1.89331979e-01 -6.15154721e-02 1.75814246e-02 -7.50268484e-02 8.94475830e-02 -5.39243591e-02 -5.01192857e-02 1.09786142e-01 9.42257414e-03 9.84887129e-02 -3.01807065e-02 3.44551173e-02 -1.34846740e-01 2.87052808e-01 -2.07218472e-01 -1.88006233e-01 9.93208673e-02 -6.95162550e-02 -1.15644675e-02 9.21167054e-02 -2.90186476e-01 3.12216710e-02 2.43874507e-01 -8.77506272e-04 -4.56023128e-03 1.28731410e-01 -4.66706977e-03 8.25129931e-02 -6.28861550e-02 1.89594901e-02 -1.77624397e-01 -2.07918985e-01 -7.55190647e-02 -1.75598278e-01 -9.83158896e-02 2.44000976e-01 -8.76696911e-02 -1.04957195e-01 -1.79059159e-01 1.27687771e-01 -3.84387983e-01 2.47016757e-02 7.85115573e-02 1.13639142e-01 1.87708352e-01
 1.13376201e-01 2.04339561e-01 -1.37250164e-01 2.90338090e-02 3.94436519e-02 -2.50061487e-02 2.19685274e-01 -1.49469103e-01 -1.56832197e-01 -4.31346417e-01 -1.84591740e-01 2.82783345e-01 -7.03447476e-02 -6.29505856e-02 2.52400313e-01 -1.83629538e-01 5.76699690e-02 -2.31805747e-01 1.74224626e-01 -5.42610089e-02 -1.69231944e-01 4.74783000e-02 -1.82819820e-01 4.74387472e-02 -7.90076884e-02 5.30815301e-02 5.37267292e-02 -2.17434229e-01 2.26472115e-02 -5.79559602e-02 -1.35830171e-01 6.09744411e-02 8.24696450e-02 1.14883091e-01 1.90668792e-01 -8.93938416e-02 -1.09838196e-01 -7.56464208e-02 -6.99238214e-03 1.63383809e-01 -4.30415015e-02 -4.08623091e-02 -5.99835819e-02 -1.14995124e-01 2.13083610e-02 8.97856891e-02 -7.64495244e-02 -1.48537212e-01 -7.21983986e-03 -1.18362029e-01
 1.99254639e-01 -1.45004953e-02 2.39495195e-01 -1.37617328e-01 2.06626783e-02 -5.56073400e-02 1.62581514e-01 2.45315996e-01 -2.65291687e-02 -2.12908763e-01 8.80565048e-02 -3.65322387e-02 8.25926199e-02 -1.24941623e-01 -4.48434593e-02 2.10314613e-01 -2.31171989e-01 -8.60859208e-02 -1.14053231e-02 8.44372647e-02 5.19188714e-02 -2.02436862e-02 -6.64102368e-03 3.01266296e-02 1.39343084e-01 5.56859741e-02 1.45609094e-01 2.20202414e-01 3.41266141e-01 9.11024795e-02 -1.08704688e-01 1.37812373e-01 9.04142451e-02 3.02881038e-01 -2.29418815e-01 1.77580127e-01 -5.47212017e-02 -6.14237780e-03 -1.93916243e-02 -1.87326401e-02 1.47430972e-02 -2.38045934e-01 -5.80153548e-02 6.39735416e-04 1.44154071e-01 -1.57433580e-01 -3.10414792e-02 -1.93377872e-01 -1.28650089e-01 -3.67503274e-02
 -1.95085334e-01 -2.51501555e-01 -6.99239325e-02 9.50111874e-02 -6.26680962e-02 2.13346516e-01 1.07713990e-01 -6.82771734e-02 2.44217624e-01 -3.39246946e-02 -4.79562972e-02 -4.63736115e-02 -7.33967200e-02 1.13667034e-01 -1.00256174e-01 4.71976765e-02 6.48304354e-02 -3.48644617e-01 -5.38560685e-02 1.37601176e-01 -5.81123335e-02 1.29970202e-01 2.41741301e-02 -9.42491516e-02 2.03457632e-01 5.67431203e-02 4.81259730e-02 5.58199363e-02 -2.16958606e-01 3.83871482e-01 -2.31716735e-03 9.99793702e-02 -7.30184264e-02 -7.27200954e-02 1.00942603e-01 5.68248927e-02 -2.65676841e-02 4.61057922e-02 -1.88255775e-02 -4.74885706e-02 -2.03346823e-01 7.01827161e-02 1.85573083e-02 -1.57369346e-01 1.91918224e-01 -1.29271902e-01 -1.37747276e-01 -3.22821306e-01 1.14982392e-01 -2.47717564e-02
 -2.93516184e-02 -5.08481298e-03 3.99986277e-04 -6.43652841e-03 1.19570762e-01 3.71144619e-02 2.30771031e-01 3.99212429e-03 4.18426814e-02 2.87806237e-02 9.26733351e-02 5.49353825e-02 1.04965961e-01 8.21457742e-02 -2.50666542e-01 -3.65166770e-02 -7.68546547e-02 -2.73335378e-01 1.14898486e-01 -1.79590455e-01 6.54912466e-02 -2.65963497e-01 1.36679996e-01 4.46861342e-01 8.04070515e-02 1.83321984e-01 -1.79107720e-01 1.87267586e-01 -1.48812750e-01 -4.18196240e-02 2.79223805e-03 -1.33238321e-01 -1.73983617e-02 1.10789577e-01 4.20763956e-02 1.40506012e-01 -2.00728408e-04 -1.38432751e-01 -4.81585404e-03 2.30896155e-01 1.35605609e-01 2.71115264e-01 -9.61993950e-02 -6.82959132e-02 -7.21688477e-02 -4.23336996e-02 5.93894764e-02 1.52369615e-01 1.12386959e-02 -1.39267259e-01
 7.35043192e-02 6.88359066e-03 2.36936857e-01 -6.33205778e-02 -2.77962513e-01 8.29504476e-02 1.87487779e-01 -1.10933475e-01 -5.28593128e-02 -1.26044890e-01 -1.62753749e-01 -2.73067909e-01 8.52966016e-02 -9.85610782e-02 -5.84257180e-02 -1.30487092e-01 3.09196615e-02 -9.33213617e-02 -2.35624627e-01 1.44896242e-02 1.43341595e-01 -1.33869145e-01 1.15871580e-02 -1.48010990e-02 3.87305476e-02 4.90596259e-02 -4.75575974e-02 -4.22347586e-02 -5.74328038e-02 -6.47011845e-02 -9.15576290e-02 -6.20838790e-02 1.61997497e-01 -1.96614784e-01 1.31110906e-01 3.09011941e-02 -6.69368991e-02 3.82548744e-01 -1.59557078e-01 2.50717494e-01 1.48777471e-01 -2.19887655e-01 9.87534055e-02 -7.07022403e-02 -1.15053139e-01 -5.77504893e-02 2.72292569e-02 6.88171237e-02 1.73747522e-01 2.32555457e-01
 1.93829127e-01 8.92832436e-04 2.10835799e-02 5.17354565e-02 7.55731866e-02 -3.97052169e-02 3.69459217e-01 -1.55200883e-01 -2.40581948e-01 2.54463920e-01 -9.67667266e-03 7.58643162e-02 -2.63458204e-01 -2.31445729e-01 9.52309937e-02 1.87751679e-01 -1.91854485e-01 4.38332310e-02 -3.85995879e-02 1.11280773e-02 4.75365947e-02 1.02217750e-01 6.90855473e-02 -1.69291835e-01 -6.51371880e-02 -1.30939399e-02 2.37722465e-02 1.83384483e-01 -2.28539380e-01 1.61642616e-01 -6.70202046e-02 -1.11794482e-01 -1.16228420e-01 -4.08609864e-02 6.35533387e-02 -8.59446826e-02 -2.06946280e-01 1.64816802e-01 3.12272009e-02 -6.29671251e-02 2.16810601e-01 1.74284077e-01 -2.30753501e-01 1.70377058e-01 3.74895466e-02 6.14891825e-02 -2.65762532e-02 -4.41280255e-02 -7.52737361e-02 2.26954019e-02
 5.25074368e-02 1.31448648e-01 -1.44541160e-01 -4.52248023e-02 8.84203800e-02 -1.35184471e-02 -1.51550559e-01 -4.44970419e-01 6.85727944e-02 -3.42154643e-02 -2.68277420e-02 -8.34658139e-03 -1.13487296e-01 -1.73108932e-02 -1.04637949e-02 2.95095622e-02 -1.28886444e-01 7.06493188e-02 -5.99391654e-02 5.04707171e-03 -2.57701213e-01 8.96987324e-02 1.49509917e-01 -1.17090165e-01 -3.67205252e-02 8.09343791e-02 -1.05966617e-01 1.63461809e-01 1.46148839e-01 2.19414387e-01 -2.96789948e-01 9.97350501e-02 -7.28677704e-03 -1.85747480e-01 -1.16844883e-01 3.43419638e-01 1.45784267e-02 -1.62721216e-01 -1.06592504e-01 1.61628889e-01 -7.59392896e-03 -1.00539042e-01 2.91160248e-02 -9.24500510e-02 1.63504860e-02 -9.28075432e-02 5.66321762e-02 3.09133298e-01 9.23924924e-03 -2.23169367e-02
 -1.83741644e-01 9.89379642e-02 -2.06696225e-01 1.30570721e-01 -7.87849045e-02 3.10846911e-03 1.18993078e-01 4.93245307e-02 5.29545111e-02 1.76543982e-01 -2.17366347e-02 3.48119311e-02 2.42744924e-01 4.76043444e-02 4.88427291e-03 -2.39680040e-02 -3.82282759e-01 -1.71235374e-01 6.60632064e-02 2.27849201e-02 1.17388351e-01 1.13107908e-01 -2.12530873e-01 -1.11693493e-02 9.27531764e-02 -1.54202604e-02 -1.08579289e-01 -9.10399832e-02 -2.52509083e-02 -1.77634332e-01 -2.17174891e-01 -1.14773445e-01 1.75171562e-01 -1.81663032e-01 3.20052250e-02 1.02000949e-01 8.77635702e-02 1.10409718e-01 -1.28614293e-01 -1.61792197e-01 -1.85488010e-01 -1.90754312e-01 -1.36162419e-01 2.86410595e-01 9.24636242e-02 -2.42270149e-02 -1.40531565e-01 1.38888262e-01 -1.38827997e-01 -1.61936311e-01
 -1.84587211e-02 1.23133006e-02 9.96231640e-02 -1.05060223e-01 -3.55424223e-02 3.22915017e-02 9.74042657e-02 -9.13013148e-02 -1.80047540e-01 1.66823149e-01 3.25146053e-02 -3.03117725e-02 -1.59268905e-01 2.27562790e-01 1.76232797e-01 1.72176385e-01 -9.33985461e-02 -2.08504656e-01 -2.74778157e-02 -4.45317847e-02 1.76779984e-01 1.48737012e-02 9.32064960e-05 -7.78503297e-02 3.89738171e-02 8.49950523e-02 6.01026148e-02 -8.18694773e-02 2.18921113e-01 -1.08224047e-01 8.03410161e-02 -1.75054723e-01 2.27063985e-01 -1.81656311e-01 -9.58825543e-02 -1.80088358e-02 -1.50410388e-01 -2.09983493e-01 -1.94681435e-01 -3.12042607e-02 -1.37956752e-01 2.06001304e-01 3.58031594e-01 -1.59893971e-01 1.29392264e-01 1.32293957e-01 2.99933486e-01 -8.27123735e-02 -5.68502972e-02 -3.01587005e-02
 1.06493203e-01 -1.29454364e-01 -9.79206250e-02 -4.16046599e-02 9.42340432e-02 2.36375688e-01 -2.20406853e-01 4.53290204e-02 -7.33991170e-02 -1.90283173e-02 -2.47339136e-01 -6.80583657e-02 6.65260269e-02 -2.09631989e-01 3.95870826e-01 -1.59551554e-01 5.41098794e-02 -1.80508767e-01 -1.13155996e-01 1.14232638e-02 -1.44645510e-01 -1.83506893e-01 3.50223950e-02 2.56767331e-02 1.65636603e-03 4.37286245e-02 -9.00655046e-02 3.94420814e-01 4.13932522e-03 -7.76600433e-02 4.03743881e-02 -2.61603632e-02 3.54685261e-02 9.35280681e-02 9.88228579e-02 1.03823287e-02 1.77186271e-01 9.70350882e-02 -9.27371818e-02 -1.31151359e-01 -1.60556289e-02 1.58509666e-01 2.00654652e-01 2.65298580e-01 1.46242193e-01 -7.42121707e-02 6.04186146e-02 7.70263509e-03 -9.88758940e-02 -3.61649371e-02
 -1.19989954e-01 -1.11047529e-01 -1.60636363e-01 -2.02604722e-02 -2.18774833e-02 2.47399659e-01 7.40461240e-02 8.51541468e-02 1.30174628e-01 -8.45821308e-02 -2.46886120e-03 1.20451660e-01 -8.49105396e-02 -1.51685436e-01 -1.73321157e-01 -7.62129711e-02 -6.16621751e-02 1.52389925e-02 -1.02458860e-01 -2.09212396e-01 -1.45046066e-01 2.97256374e-01 3.08087347e-01 3.13383082e-02 -1.74947618e-01 -5.13473358e-02 2.26818034e-02 -1.33532227e-01 7.99322792e-02 -1.34122887e-01 1.40868243e-01 5.87453956e-02 3.65114725e-01 -9.65271194e-02 -6.95779537e-02 1.00291650e-01 -1.57481992e-01 -1.28796750e-02 1.00753519e-01 -6.34056317e-03 2.33699156e-01 3.95340614e-02 7.50682659e-02 2.23580752e-01 -1.29879925e-01 -1.83396584e-01 8.80470758e-02 -1.86576297e-01 -8.40448948e-02 -2.18506303e-02
 -1.15097623e-01 1.16853638e-01 -1.03394024e-01 -1.24868262e-01 -2.93345660e-01 3.62443507e-02 -4.88995042e-02 -1.69498113e-01 3.84766824e-02 3.43677983e-01 1.14273826e-01 -1.46180191e-01 6.18910852e-02 -7.25505731e-02 -2.47922779e-02 -8.95730675e-02 6.53224769e-02 -2.90205081e-01 -1.32978774e-01 6.66995642e-02 -1.33547521e-01 -1.63901913e-01 1.86015329e-02 -2.36073857e-02 -2.20042103e-01 8.51146679e-02 1.34799003e-01 2.96885176e-02 2.47003175e-01 4.70695460e-03 -2.09522541e-02 1.47442023e-01 -3.09473794e-02 5.73223274e-02 -1.60659943e-01 -3.38943114e-01 6.27958363e-02 -8.86858785e-02 -2.22925090e-02 1.75609559e-01 7.44337267e-02 -2.41854798e-02 -2.98065614e-01 6.86037730e-02 -4.54851494e-02 8.73155659e-02 -2.30962302e-02 -1.69857824e-01 -3.64267246e-02 -1.19444411e-01
 1.38030673e-01 2.03781875e-01 -2.41316673e-01 -1.24099244e-02 4.19047525e-02 7.32005150e-02 -2.99355756e-01 -5.58361126e-03 -1.01592824e-01 -5.06955828e-02 1.37606397e-01 -1.39934164e-01 -1.31441019e-01 4.51124314e-02 -1.71422423e-01 -2.50353981e-03 -9.63594021e-02 4.27169747e-02 -2.40177688e-01 -1.24493174e-01 1.62237063e-01 9.24508321e-02 -1.58281919e-01 -3.61960359e-02 2.55965970e-01 -1.25863321e-01 -7.89307618e-02 1.10921371e-01 -7.64997924e-02 1.70513692e-01 4.67118645e-03 -1.28979704e-01 1.60385088e-01 2.15182055e-01 2.32697003e-01 -2.23948870e-01 -1.01331160e-01 -3.91228588e-02 -1.18883757e-01 1.37363687e-01 -6.98373533e-02 -2.85701190e-02 1.32561746e-02 -4.74277238e-02 -2.64002168e-01 -1.34594757e-01 9.77850599e-03 -1.13150770e-01 -2.16787790e-01 -1.01005816e-01
 1.77443554e-01 -7.87156031e-02 9.10408944e-02 -6.27197428e-02 1.29662373e-01 -4.07552468e-02 8.62023379e-02 7.51552088e-02 -3.65245790e-02 1.65979596e-01 -6.50500903e-02 1.10553383e-02 7.33759023e-02 4.33964573e-02 -1.13595859e-01 -3.67023199e-01 -2.41131336e-01 -6.14290530e-02 4.87600167e-02 2.14212881e-01 9.68947222e-02 2.05963165e-01 -7.59524902e-02 1.25470528e-02 -2.15942105e-01 -2.39609951e-01 -8.57809748e-02 1.81590135e-01 8.92096030e-03 1.45544878e-01 1.99416094e-01 3.78086608e-01 1.87397422e-01 2.94818131e-02 8.42945646e-02 1.72639695e-02 -6.41242186e-03 -1.12984040e-01 -1.04550616e-01 6.30588187e-02 -9.51544732e-02 6.12857046e-02 9.19997570e-02 -3.49324415e-02 -1.17221266e-01 2.49430412e-01 -7.04038012e-02 8.07130748e-02 1.80843749e-01 2.05676227e-02
 -5.49459685e-02 -4.38828809e-02 -8.04969720e-02 -1.49034140e-01 -7.69777813e-02 -2.09052652e-01 -2.15197986e-01 1.03427917e-01 -1.36100718e-01 -7.75134757e-02 3.54323165e-01 1.37491763e-01 -2.25773359e-02 -2.56675221e-01 -1.08765332e-02 -8.30433332e-02 -4.66404961e-02 -3.66257440e-02 6.83882721e-03 4.09833903e-01 -9.07324809e-02 3.65161663e-02 4.83937434e-02 7.59498870e-02 1.09794192e-01 7.44686433e-02 1.59854293e-01 -1.54441310e-01 -1.00215726e-02 -4.85574919e-02 -5.68003899e-02 -6.95993070e-02 4.00816193e-02 -5.94052359e-02 1.37582834e-01 1.64888190e-01 -7.17021162e-04 9.65870695e-02 -3.42298699e-01 -6.15171278e-02 4.79567718e-02 3.10037649e-01 -1.18357698e-01 -7.07792805e-03 -5.88075130e-02 -8.93833965e-02 7.88394756e-02 -2.63629947e-02 1.93791056e-01 2.59416253e-02
 1.25723281e-02 -8.17809523e-03 -1.37584110e-01 8.17106255e-02 1.23613477e-01 -1.77328879e-01 -2.29978091e-02 4.89904541e-02 1.72688278e-01 5.65338408e-02 -1.83078437e-01 -9.34971111e-02 -2.47136840e-02 -2.53528575e-01 -2.20309962e-01 -2.37787020e-01 1.37213102e-01 1.70128999e-02 -8.13511284e-02 -1.97175939e-02 1.26199741e-01 8.92772206e-02 -2.68586287e-02 -2.04661610e-01 1.14938516e-04 1.59563610e-01 -1.04656549e-02 1.03215541e-01 1.57638841e-01 -2.75668051e-01 1.63235892e-01 -1.34402375e-01 -1.26588384e-01 7.16666046e-02 2.35697980e-03 1.25346512e-01 -3.72000268e-01 6.79131560e-02 3.34319518e-03 1.24744468e-01 -2.60414681e-01 4.67321032e-02 -1.83034690e-01 -1.26381537e-01 2.70883162e-01 3.58663269e-02 1.11057449e-01 3.47071489e-02 -3.08664803e-02 -2.81183811e-02
 -2.25855860e-02 -5.46750720e-02 -1.22361604e-01 -3.51985900e-02 3.80342423e-02 2.94309512e-03 1.78180614e-01 2.89033834e-01 -1.44647622e-01 2.04848509e-02 4.09050922e-03 2.18221450e-02 1.01953934e-01 -2.63684634e-01 5.31768675e-02 9.63348224e-02 2.67130411e-02 -1.25976827e-01 -2.62790889e-01 -1.65788229e-01 -1.59751062e-01 8.58413111e-02 -3.31794223e-02 -1.64884061e-01 3.17968398e-01 -7.89346921e-02 -9.31177423e-02 -6.87778741e-04 2.90040603e-02 -7.65151756e-03 -4.35720339e-03 1.12370423e-01 -1.40702503e-02 -1.80875567e-01 3.42678382e-02 -1.43304069e-02 2.80804317e-01 -1.25986351e-01 2.11379718e-01 -2.19508229e-02 -2.03625303e-02 -4.50829349e-02 -1.60396475e-01 -2.64996769e-01 -1.41606026e-01 1.82087227e-01 2.99625701e-01 1.19624087e-01 1.20732146e-01 -3.70463929e-02
 3.57903467e-02 -1.41287627e-01 3.54372795e-02 -1.42841601e-02 -4.16950830e-02 3.99086765e-02 -9.87131540e-02 -9.56081456e-02 3.63914380e-03 -1.05939863e-01 -5.74707861e-02 -1.34815674e-01 -1.10464735e-01 -1.98985100e-01 1.93630996e-02 -5.50483760e-02 -1.99787830e-01 -1.34600474e-01 2.39985698e-01 -1.10757981e-01 -7.74279530e-03 7.02664041e-03 -1.54462432e-01 1.56218844e-01 5.02331495e-02 -1.57501289e-01 1.38369074e-01 -8.48806859e-02 7.51722722e-02 1.70045755e-01 9.74104850e-02 -1.16302190e-01 -2.20253616e-01 -7.96115001e-02 -3.15037571e-01 -8.32367312e-02 -1.45811831e-01 2.27055517e-01 1.38430691e-01 -6.95773789e-03 -1.95342056e-01 1.45430703e-02 8.15744560e-02 1.16000778e-01 -2.71659429e-01 -6.52520872e-02 1.86742984e-01 1.21716798e-01 2.12673795e-01 -3.08426673e-01
 -6.04512825e-02 2.21027590e-01 -6.45873579e-02 -1.38458892e-01 -1.96754992e-01 2.00648876e-01 7.37108255e-02 -3.52441484e-02 -1.27886907e-01 -3.96611756e-02 9.27613565e-03 1.60442945e-01 8.64738975e-02 -1.79734991e-01 -2.86413603e-01 1.76879456e-01 -7.49845272e-02 2.71923705e-02 -4.60094836e-02 -3.38165416e-02 -3.73799976e-02 2.41031582e-02 -2.30040269e-01 -2.86860563e-02 -2.74106972e-01 -2.15938268e-01 -2.43455488e-01 2.79517874e-02 1.84802352e-01 -2.95085376e-02 5.81840601e-02 -7.74757103e-02 -2.09049648e-01 4.78416528e-02 -1.44670982e-04 3.29718840e-02 1.60538058e-01 1.60640494e-01 3.24512666e-02 -4.43241419e-02 -4.95102115e-02 2.74872286e-01 2.17597419e-01 -2.18559969e-01 1.65562335e-01 -1.38391594e-01 -1.58566806e-01 -2.05721672e-02 2.60794394e-02 4.96959192e-02
 -2.23836579e-02 -9.30916246e-02 7.86659269e-02 -1.77247734e-01 1.11236437e-01 2.79611781e-01 2.43545008e-02 -1.33598193e-02 1.80147226e-01 -4.39717223e-03 3.22540212e-01 2.33926615e-01 1.20431204e-01 1.35264218e-01 8.91203794e-02 -4.20038468e-02 6.26443553e-02 -1.06327183e-01 -2.15442447e-01 -7.79691643e-02 -2.26285463e-01 7.81191932e-02 -1.55089719e-01 -1.40334832e-01 5.24138875e-02 -1.78059925e-01 1.02332827e-01 3.68268664e-02 -1.27414806e-01 -9.13273248e-02 -3.78627894e-02 -1.97332993e-01 -7.31245899e-02 2.38328880e-01 -1.82848151e-01 2.87535595e-02 -2.47051413e-01 1.07252434e-01 -1.44767100e-01 7.79563664e-02 5.59267704e-02 -8.83605303e-02 2.99924120e-02 3.29495145e-02 2.10020446e-02 2.80567730e-01 -6.60625954e-02 2.18127156e-01 4.83141978e-02 7.62885696e-02
 8.43962630e-02 -2.30003507e-01 -3.39490457e-01 1.99294596e-01 -8.67644300e-02 -1.38045827e-02 8.39282980e-02 5.10248583e-02 -1.49876378e-01 1.04913327e-01 -8.43859235e-02 -7.26977341e-02 1.51094007e-01 -9.14110378e-02 -1.79226867e-01 4.03293313e-02 3.44229898e-02 1.28842642e-01 1.57278510e-02 -4.81804173e-03 -5.81728264e-02 -1.10756761e-01 -9.20567866e-02 1.77005499e-01 4.95209145e-02 -2.47567802e-01 3.72346928e-01 1.08118226e-02 -9.92115518e-02 -8.97730122e-02 -2.56681788e-01 1.37800747e-01 -1.82254267e-01 -6.34247013e-02 -3.30533740e-02 2.93440583e-02 -1.17811068e-01 -1.69138087e-01 -1.54604220e-01 1.67226958e-01 9.05753214e-02 -3.55415053e-02 3.04383058e-01 5.56389238e-03 1.01934471e-01 6.90391451e-02 5.47349095e-02 -7.03028089e-02 -1.24377688e-01 6.14611436e-02
 -9.50107989e-02 1.23780000e-01 -9.11842284e-02 -1.78201403e-02 -1.56162019e-01 1.41485171e-01 -1.44518354e-01 -5.48239640e-02 -1.83918473e-01 1.01723762e-01 -1.05705156e-01 6.84085288e-02 1.96727574e-01 -8.13608147e-02 1.32286779e-01 4.67484994e-02 1.92880475e-01 6.57911501e-02 1.70352151e-01 -1.66317048e-01 2.38921269e-01 2.25771155e-01 8.51246111e-02 1.15579087e-01 6.31263137e-02 7.97583916e-02 2.42107014e-01 1.46911635e-01 3.60373154e-02 1.87300672e-01 2.11466880e-01 -9.76043196e-02 5.43325615e-02 3.34623220e-03 -4.30964361e-02 3.65164863e-01 6.47877488e-02 1.35277276e-01 -7.67902607e-02 2.77260015e-02 9.83650014e-02 -6.50335405e-02 -9.76174846e-02 -1.58333103e-01 -9.23717098e-02 3.04913640e-01 -1.76926718e-01 -7.94949370e-02 -4.18382052e-02 -9.45316748e-02
 -1.03011428e-01 -3.37542980e-01 -1.05332866e-01 -1.52324371e-01 -1.19078985e-01 -5.80914640e-02 -4.57850541e-02 -1.28388675e-01 -2.26036435e-01 -3.73833416e-03 -9.92799287e-02 -2.30661238e-01 2.72286714e-02 3.05668110e-02 1.14677928e-01 1.65630160e-01 -4.68039198e-02 1.37656094e-01 9.23886944e-02 1.25045265e-01 -9.51276142e-02 7.63911471e-02 -8.62920212e-02 -6.44002362e-02 1.39760394e-01 -2.99542821e-02 -4.66375760e-01 -1.17429169e-01 -1.31450749e-01 -1.84660558e-01 1.00581351e-01 3.34926108e-02 7.47976177e-02 2.26852441e-01 -1.90479761e-01 9.91106548e-02 -8.79298152e-02 -8.90670301e-02 -3.89344118e-03 2.23237082e-01 1.23539352e-01 4.58093223e-04 -7.81606515e-02 1.38760429e-02 5.35526153e-02 4.11914185e-02 -1.18417646e-01 -1.38103255e-01 1.12864608e-01 -1.47719645e-01
 -1.73755102e-01 -9.10936257e-02 1.08043434e-01 -5.62347647e-02 6.10142980e-02 7.11263813e-02 1.95190286e-02 -7.02525720e-03 -2.22761511e-02 4.72234904e-02 1.13528729e-01 -1.99111493e-01 -6.38769089e-02 -1.10898765e-01 9.75896389e-02 -4.04154364e-01 -2.75538506e-01 1.30353035e-01 -4.84444682e-02 5.82886754e-02 -9.20239482e-02 -5.68692690e-02 1.06902083e-01 9.47976440e-02 -3.84528709e-02 6.99940177e-03 -1.41921363e-02 -9.19194678e-02 -3.51166483e-02 2.47214974e-03 -9.20463999e-02 -1.31136533e-01 -9.34843162e-02 -4.18715326e-03 5.69394295e-02 -1.72686229e-02 -3.53435354e-02 1.73124700e-02 1.00830094e-01 -2.33225428e-01 1.80383937e-01 -1.20944930e-01 9.35044808e-02 -4.72814750e-01 7.34803516e-02 7.18729924e-02 -1.07516644e-01 -5.33386513e-02 -3.06472855e-01 -2.19846467e-01
 -7.19110961e-03 -1.01844072e-01 4.68977068e-02 6.14945733e-02 9.77754795e-02 1.97290409e-01 -1.82328753e-01 -1.21060098e-01 -7.72114780e-02 1.72646634e-02 3.32780461e-02 3.50401233e-01 7.85411278e-04 1.49813015e-01 -1.60760356e-01 -9.89652368e-02 7.69238239e-02 8.70378279e-02 1.16060857e-01 1.72681559e-01 1.68079362e-01 2.18934855e-02 -1.60531005e-01 7.42624115e-03 2.23755999e-01 7.48861935e-02 -1.14157090e-01 2.14873213e-01 1.96515698e-01 -1.23350057e-01 -1.98372080e-01 1.64874389e-01 3.38578552e-02 -2.12826480e-01 -1.94531825e-02 -1.84362599e-01 -5.70526345e-02 2.36375094e-01 1.78164319e-01 2.34934120e-02 2.86194634e-01 -3.15252894e-02 -2.83174861e-02 -3.61378745e-02 1.14055397e-01 4.64593372e-02 1.95606207e-01 -1.17830465e-01 5.83297761e-02 -1.56339756e-01
 -2.59083947e-01 -1.52029483e-01 6.74249745e-02 -1.07012553e-01 -2.48866880e-01 -1.04421587e-01 -1.09418794e-01 2.32297306e-02 -6.13957846e-02 -1.08636110e-01 1.95606268e-01 1.63987555e-01 -6.81583233e-02 -2.46081547e-02 1.96100786e-01 -1.32980253e-01 -2.38481998e-01 1.00433276e-01 -6.42007420e-02 -1.64954061e-01 1.53826021e-01 4.44591514e-02 -1.86047213e-01 3.54242330e-02 -1.84767625e-01 8.60171265e-02 9.24263584e-02 2.51470235e-01 -2.18141979e-01 8.55935546e-03 -3.07839473e-02 1.20674360e-02 -1.54090416e-02 -7.94541800e-02 2.38610508e-02 6.46451022e-02 5.12756770e-02 -1.04828977e-01 2.72702869e-01 3.23472932e-01 -1.91979738e-01 -2.05089924e-02 -4.40523122e-02 4.45214818e-02 1.09456872e-01 -7.69826832e-02 1.40434886e-01 -8.26434397e-02 -6.57857562e-02 2.24774668e-01
 -1.32083392e-01 -3.68722892e-02 -1.10638299e-01 -1.72535400e-01 8.08910833e-02 -7.72313788e-02 -1.31893180e-01 2.37236093e-01 1.51624322e-01 1.45354995e-03 -1.80138402e-01 1.36202738e-01 -1.66124012e-01 -8.16807082e-02 -1.22310457e-02 1.38916818e-01 -1.03454282e-01 1.31886105e-01 -5.34132754e-02 -2.31093110e-01 1.05207003e-01 -2.82465062e-01 3.13327258e-02 2.62412715e-02 -1.47826039e-01 -4.09464185e-02 -1.54430676e-02 -1.49095414e-01 -9.21216340e-02 2.77868873e-01 -7.15521775e-02 1.04094060e-01 2.23646095e-01 2.77343305e-02 -2.87246427e-02 -1.38593586e-01 7.07731247e-03 1.77135575e-01 -2.54338188e-01 8.18834122e-02 7.64961332e-02 -3.96996260e-02 -5.76448644e-02 -7.26366138e-02 3.40646300e-01 1.52650538e-01 5.83338369e-02 8.06959920e-02 1.54918812e-01 -1.94521282e-01
 -3.42788142e-02 -1.35617005e-02 -2.58996522e-02 1.95682827e-01 1.47096522e-01 -1.86584800e-01 -2.05193534e-03 1.41179652e-01 5.44327566e-02 1.18822102e-01 1.73254183e-01 -9.11361885e-02 4.94580525e-02 -1.81370844e-01 8.64337719e-02 -1.77698399e-02 3.12594834e-01 -1.43866367e-01 1.67163796e-03 1.09741873e-01 1.77874954e-02 -7.71427024e-02 -3.57485295e-01 -3.66680177e-02 -1.53440080e-01 2.01916396e-02 -1.51727266e-01 -6.84336565e-02 6.14519941e-02 3.26147165e-01 -1.26750648e-01 -1.50238815e-01 3.02473851e-01 -7.34018534e-02 -1.28024578e-01 1.54998560e-01 -1.04146126e-01 9.96549267e-03 2.55153693e-01 1.01153914e-01 1.74235345e-01 8.49561248e-02 1.86530668e-01 2.20958891e-02 -4.00992405e-02 -1.63998226e-02 -9.10190379e-02 1.80045305e-02 -1.06321992e-01 1.51231151e-02
 -1.02985557e-01 -1.17455290e-01 -4.11146968e-02 1.42070909e-01 1.41393237e-01 -3.48589308e-01 -6.81664644e-02 -2.56108478e-01 1.54111423e-01 1.63714937e-02 -9.24082595e-02 3.17595222e-01 3.05695358e-01 -5.82353191e-02 9.68661521e-02 8.96078336e-02 -2.36686054e-01 -1.36727205e-01 -1.10107887e-01 2.26628879e-02 1.40981986e-01 -1.79302695e-01 2.25861677e-01 -2.49646441e-01 5.26730018e-02 -1.32247461e-01 2.52575720e-02 -5.36849788e-02 4.54289446e-02 -3.04686769e-02 1.25236555e-01 -1.59210480e-02 -4.55707405e-02 1.25615380e-01 -1.21210523e-02 -3.29344520e-02 7.19461730e-02 1.44570037e-01 4.16376936e-02 1.26764971e-01 7.34743153e-02 2.64105372e-02 1.83896030e-01 -1.14545138e-01 -2.27620464e-01 -4.16224158e-02 -2.69235241e-02 -1.42266197e-01 -8.93544378e-02 1.94716896e-02
