 -6.23251772e-02 1.02411927e-01 9.19532874e-02 8.32991551e-02 1.18647132e-01 4.15334517e-02 2.43474303e-01 7.84425650e-02 1.51999797e-01 -7.36848856e-02 -1.17042336e-01 7.70677672e-03 1.43379547e-05 -2.70052535e-02 -4.90460328e-02 -6.17620703e-02 -9.24540044e-02 -9.11091516e-03 1.89157868e-01 -1.84300603e-01 5.76526181e-02 -1.38320895e-01 3.85991171e-01 2.22306514e-02 9.91795102e-02 3.03522950e-03 8.38052228e-04 -1.68345593e-02 3.28681818e-01 4.34861896e-02 -1.23535375e-01 2.86866653e-01 -1.34664578e-01 -1.23014359e-01 -1.36112332e-01 9.33925616e-02 -1.12264019e-01 1.82896719e-02 1.81070689e-01 -1.37456065e-01 8.97262067e-02 2.78928486e-01 1.81107525e-01 2.73006655e-02 -1.11767463e-01 -8.22190249e-03 -6.86441483e-02 2.26525169e-01 -1.62611692e-01 -1.79648467e-01
 -3.56752773e-02 9.18363149e-03 6.67187179e-02 -2.79841801e-01 -1.60756319e-01 1.52694102e-01 1.80274102e-01 -9.25642362e-03 3.88950463e-02 1.55994875e-01 -1.18272249e-01 -3.88100210e-03 -1.48860834e-01 -6.97186249e-03 -7.28082713e-02 -1.95214350e-01 -1.84282479e-02 1.05023068e-01 9.76083625e-02 1.94986316e-01 6.33567452e-04 6.44546896e-02 -1.06299947e-01 -1.28528513e-01 -1.97796695e-01 4.39604407e-02 -3.65565950e-01 7.37475080e-02 -3.51401860e-02 7.98755096e-02 1.13663585e-01 7.12317229e-02 -3.64269137e-01 -3.39919522e-01 1.12261502e-01 3.54454500e-02 8.83965677e-02 -1.54755387e-01 -6.71198819e-02 1.66220773e-02 1.75012917e-01 -8.65999998e-02 7.91993540e-02 1.94881697e-01 4.00867753e-02 -1.44524509e-01 -1.22103366e-01 -3.47278036e-02 1.01741254e-01 -4.53308718e-02
 -7.70040714e-02 -7.60396306e-02 -2.73789729e-02 9.83005334e-03 -1.24174064e-02 1.06764776e-01 7.07384886e-02 -1.16921640e-01 2.79458543e-02 -8.60766667e-02 1.73055224e-01 -4.50154278e-02 2.21144513e-01 1.37730918e-01 -1.66733110e-01 -2.82761275e-01 1.02128998e-01 -1.86724962e-01 8.15991106e-02 9.39191190e-02 1.31651986e-01 2.49868942e-02 2.04426801e-01 2.40143002e-01 5.65064316e-02 9.39315369e-03 1.70556753e-01 6.71273960e-02 -1.26243278e-01 1.65169268e-01 -1.47932900e-01 3.70747677e-02 5.29278665e-03 -7.15633000e-03 1.64115285e-01 -1.91460786e-01 -1.53159771e-01 -3.84147874e-02 1.63505385e-01 6.23506436e-03 2.31518420e-01 -2.52367673e-01 9.82699542e-02 1.88626970e-02 2.92416530e-01 -5.82826768e-02 -1.07987212e-01 4.06755086e-02 -3.68969609e-02 3.37068229e-01
 -2.55725701e-02 -1.30023384e-01 1.38708546e-01 -1.34825059e-01 1.89259469e-01 3.09623709e-01 8.17134581e-02 1.31583220e-01 1.52422609e-01 -1.32112042e-02 -2.21747884e-01 1.73996926e-03 1.06693527e-02 1.19890233e-01 -1.94004213e-01 1.81158416e-01 1.02001655e-01 -1.27493002e-01 -1.17580013e-01 1.42110357e-01 3.88703293e-03 -1.59097296e-01 -9.85056031e-02 1.25207017e-01 1.53802353e-01 -1.74034822e-01 -6.44810562e-02 2.12124085e-01 -8.77740859e-02 2.71734077e-02 -1.46098634e-01 2.90978270e-02 -2.16487140e-02 5.76392682e-02 -4.93323748e-02 -2.46250916e-01 3.43018312e-02 7.66668822e-02 -1.61676208e-01 4.27688706e-02 -1.38023984e-01 7.41430294e-02 -1.93801794e-01 -9.03289320e-02 -2.81804745e-01 -2.47348459e-01 -3.07510515e-02 2.18597996e-01 1.08008532e-01 1.16429290e-01
 2.84321450e-02 -1.53803427e-01 4.72445049e-02 8.37723924e-02 2.93846772e-02 -6.14057901e-02 -2.37478022e-01 -9.30296106e-02 -3.11444429e-02 9.69975853e-02 -2.82748559e-01 2.95182525e-01 2.11875436e-01 -3.20609141e-02 -6.95152253e-04 3.06065316e-02 6.43013577e-02 -4.23553487e-02 1.84679173e-01 7.12752187e-03 1.60688047e-01 -1.97529144e-01 -2.13862418e-01 2.12538687e-01 -1.96116474e-01 -9.22985202e-02 2.24172285e-01 -2.08584699e-01 1.07165716e-01 3.92475125e-02 2.91765854e-02 -1.60203312e-02 -9.08446078e-02 -2.11700276e-01 1.72605551e-02 1.97217453e-01 6.00720763e-02 -9.17863877e-02 1.07218638e-01 -2.61025080e-03 9.80394921e-02 -7.05514037e-02 3.94872243e-02 -1.63228219e-01 -2.73037014e-01 8.92690645e-02 -2.16275068e-01 -5.14776115e-02 1.38089759e-01 1.09439308e-01
 -1.99243511e-01 6.17589626e-02 5.29763957e-03 7.42466245e-02 -8.23188889e-02 2.74251540e-02 3.38361609e-01 -1.66299846e-01 -2.53246339e-01 -1.96055652e-01 -4.73961873e-02 4.56359909e-02 -2.63058863e-01 3.10357189e-02 -1.68181634e-01 1.04282670e-01 1.07699791e-01 2.64668604e-01 -1.82386914e-01 3.91763383e-02 -1.61645988e-01 -2.03003198e-02 -3.01840015e-02 2.97651533e-02 -2.65270005e-01 1.39893801e-01 1.01186898e-01 -1.21113075e-01 1.62104598e-01 -2.34284486e-02 -8.20573870e-03 9.81372638e-02 7.02859423e-02 -1.35240616e-02 1.20277121e-01 -1.25477447e-01 -2.28432186e-02 -1.04174345e-02 1.98702598e-01 -6.35474883e-02 -1.71702943e-01 -2.98929309e-01 -2.91553015e-02 -2.24125704e-01 -1.42727001e-01 -4.60897368e-02 -1.32548781e-02 9.02489050e-02 -8.36984747e-02 4.07834205e-02
 2.98167029e-01 -2.92779646e-02 -1.78653510e-01 -5.29503288e-02 -5.88798304e-02 2.65344861e-02 1.37812031e-01 4.30283358e-02 2.10869306e-02 2.45569145e-02 2.35748289e-01 9.52098031e-02 1.07315804e-01 6.70757826e-02 2.23431239e-01 -4.76625313e-02 2.24453619e-01 9.55349108e-02 -2.83288073e-01 4.90826936e-02 2.37459372e-02 -2.80340285e-01 -1.00661064e-02 -1.36301624e-01 -1.53513142e-01 -6.62414017e-02 9.58204236e-02 1.54470187e-01 -5.64777486e-02 -1.48629306e-01 3.04191738e-02 -3.01210445e-02 -3.62119415e-01 6.16901976e-02 1.36904209e-03 1.07622255e-01 -1.29002360e-01 -1.57771814e-01 1.46662272e-01 -5.80532793e-02 2.84192874e-03 1.99936094e-01 1.96901434e-02 -2.11625361e-01 5.91232270e-02 3.78483677e-02 1.40147247e-01 2.19360779e-01 5.96872294e-02 1.18965912e-01
 -3.37757673e-02 1.23401142e-01 -4.13601034e-02 2.09043156e-01 7.12673594e-02 1.60947770e-01 1.31135701e-01 2.28232542e-02 -4.82153863e-02 1.69824954e-01 -5.93913470e-02 -8.74256429e-02 1.58751764e-01 -1.35010087e-01 9.34120667e-03 -5.21601037e-02 -2.79801204e-02 3.99217616e-02 -9.88040722e-02 7.87734797e-02 2.94519401e-01 6.43621765e-02 -3.74751255e-02 1.54953863e-01 -3.15141601e-01 -1.47329748e-01 -9.72735146e-02 3.68182578e-02 -2.24919234e-01 -1.25368041e-01 -2.61360751e-03 -2.47127438e-02 1.43430824e-01 3.33652711e-02 -2.48888478e-01 -1.85170819e-02 -2.70732780e-01 8.61891030e-02 2.28595750e-01 -2.91507705e-01 -3.34998306e-02 -7.78365381e-02 -1.12140068e-01 2.41506748e-01 -4.71599257e-02 -4.18923071e-02 6.08726740e-02 -7.66710401e-02 1.56110234e-01 -2.22701653e-01
 -5.29964153e-02 1.83759611e-01 1.17023078e-01 -2.69990234e-02 2.62771941e-02 7.86249747e-02 1.23277006e-01 -3.30450175e-01 1.47982697e-01 1.21392320e-01 -4.47654225e-02 9.70950477e-02 -7.45470723e-02 1.89606656e-01 2.86236271e-01 8.27170313e-02 3.80010002e-02 -1.96868198e-02 3.15819465e-02 -2.79121902e-01 8.94678621e-02 4.17106772e-03 -7.99132005e-02 2.56883809e-02 -7.17713329e-02 1.72199047e-02 -8.24747828e-02 1.70907953e-01 4.66184870e-02 -1.37380366e-01 6.83660110e-02 -1.81914660e-01 1.29722662e-01 1.24828959e-01 -1.74765050e-01 -3.01681360e-01 2.99713129e-01 2.93699341e-03 9.07528666e-02 -1.28150934e-02 2.87575636e-01 1.89826848e-02 2.87908761e-01 -8.57057837e-02 -3.69142578e-02 -4.21221542e-02 3.39501705e-02 -6.00034756e-02 1.63753614e-02 9.82362919e-02
 3.81893895e-02 1.11615529e-01 -3.68437899e-02 2.22009323e-03 -1.56690055e-01 -2.28029799e-02 5.94193316e-02 -2.57927228e-01 -1.32301885e-01 8.70998623e-02 -7.25639602e-02 -7.60475710e-02 2.77033539e-01 4.93559632e-02 1.23321799e-01 6.29378395e-02 2.39187746e-01 -3.12472138e-02 1.85448387e-01 -8.18609688e-02 -1.33354161e-01 -1.06295023e-01 -1.64591584e-01 2.18539526e-02 -2.53741617e-02 3.63940443e-01 -1.22972956e-01 2.03976199e-01 5.64083074e-02 -1.55120688e-01 -2.07263885e-01 1.32491623e-01 1.04351785e-01 -9.92846477e-02 1.06597745e-01 8.27977551e-02 -1.73206449e-01 3.25803576e-01 -1.02449354e-01 8.29419959e-02 -6.94060931e-02 1.51863323e-01 -1.89379888e-01 6.22714039e-02 1.01012901e-01 -2.32944540e-02 -2.14308765e-01 6.36845221e-02 2.45565813e-02 -1.20305828e-02
 1.73265443e-02 -7.03457580e-02 -1.92110631e-02 -1.78821733e-01 -1.56353285e-01 2.20800188e-01 -2.32845823e-01 -4.04357462e-01 -1.25088312e-01 -2.06286762e-01 -8.28346654e-02 -2.20994796e-02 -2.68937008e-03 4.59227569e-02 1.31938402e-01 5.00573865e-02 -1.58844188e-01 -5.15440153e-02 2.01110079e-01 -2.23515651e-02 1.04287059e-02 1.24261279e-01 2.91830675e-01 -8.37441561e-02 -6.45935941e-02 -1.99707480e-01 1.67661970e-02 -5.49707229e-02 -4.15363207e-02 -1.67602230e-01 -2.41436149e-02 -1.90513184e-01 5.03322928e-02 -1.38973305e-01 1.13249285e-02 2.69780929e-02 -9.46649400e-02 -1.39718043e-01 -6.97434560e-02 -5.80366360e-02 -2.09533926e-01 -4.18265024e-02 -9.57969356e-03 2.97261353e-02 7.31596867e-03 -3.64688390e-02 1.18599717e-01 3.92852151e-01 1.18293847e-01 -5.88787594e-02
 1.66152139e-02 -1.15475151e-01 -3.66735020e-02 -6.09452692e-03 -5.65711715e-02 1.14211161e-01 1.37659369e-01 3.64787505e-02 -2.26944673e-01 7.70364984e-02 8.20612142e-02 6.56875764e-03 7.60432139e-02 4.19177238e-01 -4.88092157e-02 7.06061999e-03 -5.09193818e-02 -1.11208972e-01 1.41615984e-01 -1.17054140e-01 1.56148887e-01 4.31299016e-02 1.91784122e-02 -4.36539868e-02 -1.12647318e-01 -4.10878001e-02 -1.15729458e-02 1.34478013e-01 3.38964485e-01 8.60969509e-02 7.81866938e-02 -1.83076001e-02 2.28224270e-02 7.53154874e-02 -1.16223963e-01 1.36188483e-01 -1.76457450e-01 -2.40146017e-01 -2.39506586e-01 -7.92872246e-02 -1.73781787e-01 3.12654463e-02 -9.41922486e-02 -8.87480667e-03 -7.51777153e-02 -1.43024001e-01 1.21523005e-01 -3.84914844e-01 -1.57609569e-01 1.30556820e-01
 1.73884635e-01 6.97539654e-02 -1.07712032e-01 1.16461775e-01 -3.80628288e-01 -8.64201837e-03 -1.06109006e-01 7.83625296e-02 -9.69709944e-02 1.86329925e-01 5.47658074e-02 -1.12622326e-01 -1.77470087e-01 -6.97697435e-02 6.60351291e-02 -2.60306672e-01 4.03439338e-02 -2.49273037e-02 1.51248309e-01 4.88294174e-02 -1.10385106e-01 1.66963932e-03 -8.87079949e-02 3.83246667e-04 2.57322104e-04 -2.83734499e-01 -4.78305066e-02 3.17240988e-02 1.35270493e-01 1.82271084e-01 -1.55293610e-01 2.03701461e-01 7.42075531e-02 -3.73925990e-02 -2.33711671e-01 -3.24846439e-01 -1.51239967e-02 7.41659063e-02 -1.53917403e-01 -1.39208959e-01 5.56825598e-02 -5.91224353e-02 -4.43807009e-02 -2.34274968e-01 -1.03328123e-01 2.37709872e-01 -5.49070048e-03 1.06995853e-01 3.29555916e-02 3.93338683e-02
 -2.09082070e-01 -6.77958693e-02 -2.24248689e-01 -4.35017847e-02 1.59900668e-01 8.44909688e-02 1.44905438e-01 5.94634407e-02 -1.70003312e-01 -1.42728552e-01 -1.44845454e-01 -2.53428449e-03 -2.61343609e-02 -7.82519303e-02 2.04907811e-01 -1.23222482e-02 -2.95533059e-02 -2.42035908e-02 -6.95941395e-02 -6.95165505e-02 2.05864322e-01 1.71445677e-03 1.36481589e-02 -2.25153294e-01 -2.48075874e-01 -2.20082899e-01 4.96018108e-02 -2.14434729e-01 -1.36724660e-01 1.00746774e-01 -1.92552005e-01 8.23850520e-03 6.15347639e-04 -4.29368586e-02 -3.00345789e-02 -9.00502176e-02 -4.20772259e-02 1.65286727e-01 -2.37059221e-01 2.60875975e-01 8.70463020e-02 1.95372069e-01 5.67758329e-02 -2.34553857e-01 2.33638568e-01 -7.55895379e-02 -2.10426387e-01 -1.10693113e-01 -7.60470429e-02 -5.87840528e-02
 4.85007869e-02 -1.67417278e-01 1.44533525e-01 6.83020076e-02 8.67226303e-03 2.31165327e-03 1.11596716e-01 3.96426024e-02 1.03640703e-01 1.19558911e-01 4.02676390e-02 9.86233213e-02 -1.15784579e-01 -2.60667883e-01 3.08295176e-01 -1.53006411e-01 4.53663765e-03 9.16467204e-02 4.95420153e-02 1.62654774e-02 1.16315096e-01 1.03969670e-01 2.21486017e-01 -3.60416377e-02 2.79874461e-02 1.22201820e-01 -1.43502772e-01 -1.66096862e-01 2.15956568e-01 1.10496362e-01 1.29946695e-01 -5.89452610e-03 1.58669143e-01 1.39347147e-01 5.27008657e-03 8.79207516e-02 -7.23857007e-03 9.98859389e-02 6.91116205e-02 6.54255511e-02 -6.98576488e-02 1.35127352e-02 -2.71583115e-01 -7.91290730e-02 3.13988938e-02 -2.78310616e-01 -3.27818328e-02 5.75245030e-02 3.23377432e-01 3.52628590e-01
 3.71960215e-02 2.90245994e-01 5.88994907e-02 2.03058264e-01 -3.65824689e-02 8.80116607e-02 -5.73029404e-02 -1.99041827e-01 -9.45996337e-02 -7.06153826e-02 -1.85767206e-02 -4.70929590e-02 2.43940592e-01 -5.13414440e-02 1.60084287e-01 -8.89983410e-02 -2.26639358e-01 -9.47622968e-02 -3.20626899e-01 3.35833004e-01 3.52297426e-02 -2.27198747e-02 7.66948386e-02 -4.08432629e-02 8.30404347e-02 -4.52057332e-02 3.72562347e-02 1.36413672e-01 1.66252209e-01 7.40042898e-02 7.72962544e-02 5.98735407e-02 -3.22411611e-02 -1.51282859e-01 -1.44144914e-01 5.38731261e-02 2.67293665e-01 -6.31910808e-02 6.03374869e-02 2.67509371e-01 4.66574981e-02 -6.09788904e-02 -2.51646788e-01 -1.47503889e-02 -5.48552950e-02 -9.91376005e-02 -5.33683043e-02 -1.81059779e-02 -2.53403311e-01 -2.70985405e-02
 5.83723342e-02 -1.28119707e-02 -1.20765846e-01 1.37928732e-01 -2.08967770e-01 1.33758658e-01 -1.61802153e-01 -6.20462311e-03 -2.10927344e-01 -1.16985597e-01 1.54047696e-01 7.54293692e-02 8.76074426e-03 -1.37023629e-02 -3.34627313e-01 8.36102276e-02 1.93209128e-01 1.19451953e-01 1.20162915e-01 6.38143671e-02 5.64728119e-03 -6.08448933e-02 1.14444090e-01 -1.46159902e-01 9.00883957e-02 -2.30712093e-01 -1.26879671e-01 -3.59227402e-02 9.34757376e-02 -2.36102901e-01 -7.55061154e-02 5.21591505e-02 -2.86790074e-02 2.55830827e-01 -5.68911789e-02 1.13667726e-01 1.79931852e-01 1.55261573e-01 1.60126363e-01 1.59334516e-01 2.09757336e-01 3.90078719e-02 1.24658634e-01 7.01891252e-02 -4.50951363e-02 -3.01821879e-01 -7.00481717e-02 -1.45228496e-01 1.70761353e-01 -6.37383606e-02
 1.94443417e-01 -3.38119808e-03 -6.69181186e-02 -1.35944316e-01 1.44054078e-01 -2.66100417e-01 2.60110576e-01 -1.10350157e-01 -8.95411189e-02 1.23741942e-01 1.85098824e-01 -7.55126229e-02 1.62343023e-01 2.32555599e-02 -8.98417542e-02 1.58720202e-01 -1.15179802e-01 -8.92668097e-02 2.62573842e-01 3.93023254e-03 1.14286941e-01 2.78562708e-02 -1.82650174e-01 -1.28538710e-01 -1.49336563e-02 -1.17468847e-01 7.29831839e-02 9.62215349e-03 -1.03300683e-01 2.51748966e-01 1.45821501e-01 2.29744447e-01 1.83583129e-01 7.38492864e-02 8.36426488e-02 4.52675278e-02 1.95313470e-01 -6.50116477e-02 8.37753339e-02 -3.80339891e-03 3.55713031e-02 -8.34743496e-02 -4.87606703e-02 -1.44939567e-01 3.40696872e-02 -2.23214065e-01 5.29689764e-02 2.68660217e-01 7.06266895e-02 -2.50472008e-01
 1.42225749e-01 -9.10717122e-02 5.62593020e-02 1.65977867e-01 -1.66351838e-01 -2.32132990e-01 3.74564885e-02 -1.94126851e-02 1.30173874e-01 -1.37267945e-02 -2.56606932e-02 3.16154630e-01 -2.19217292e-01 9.58474375e-02 -1.21127869e-01 -2.96042138e-02 -2.14037188e-01 2.11392074e-02 9.83846730e-02 1.54537329e-01 1.30337773e-01 -2.93580202e-01 7.19877454e-03 3.79894546e-02 -1.77849944e-01 9.87898437e-02 3.08449023e-02 4.16575667e-02 -5.64100744e-02 -8.56227842e-02 -1.92309097e-02 -7.17098696e-02 5.23643604e-02 2.04885503e-01 -1.67051755e-01 -1.91838285e-01 -2.39100377e-02 -1.43156194e-01 -1.00636443e-01 1.61546202e-01 -1.64742494e-01 4.24915530e-02 -4.96703090e-02 2.32094813e-01 2.30321070e-01 -3.44368792e-02 -2.73336875e-01 1.43078091e-01 -1.17273700e-01 -8.43983869e-02
 4.17703689e-02 -9.38729323e-02 2.73773291e-02 9.75310442e-02 1.67945336e-01 -9.57551952e-02 -2.87504531e-01 8.99288702e-02 9.98160801e-03 -2.29760477e-01 1.47433678e-01 -1.47895623e-01 -1.45997310e-01 1.49180957e-01 6.72875565e-02 -2.70551823e-01 2.24800456e-01 2.21308053e-01 2.53110058e-03 -1.51317547e-01 2.58271620e-01 -3.41996416e-02 9.84004235e-03 1.16848522e-01 -2.40479114e-01 -1.36811499e-02 3.71056379e-03 2.31230003e-01 -2.74200158e-02 7.64319509e-04 9.96902759e-02 1.99680787e-01 1.54221479e-01 -2.66639826e-01 1.29170492e-01 -4.84170462e-02 2.16702395e-01 8.91105982e-02 -2.98548502e-02 1.08554628e-01 -1.38554647e-01 8.09557999e-02 2.19602984e-02 1.31798172e-01 -1.12974965e-01 -1.07774420e-01 9.92294678e-02 6.64715995e-02 -5.35467880e-02 -2.37076877e-02
 -1.07576099e-02 -1.34389611e-01 -4.75942432e-02 -2.44081010e-01 -5.87979551e-02 2.09046646e-01 -1.18048470e-01 5.90196534e-02 6.20137152e-02 2.19047401e-01 -1.92569867e-01 8.73007139e-02 1.36968712e-02 1.26811083e-01 -7.67381302e-02 -2.55403836e-01 -1.29235524e-01 1.14242674e-01 2.56261374e-02 1.18596129e-02 -1.56451460e-01 -9.99845595e-02 2.76333936e-02 9.11452150e-02 6.14014788e-02 -4.19095766e-02 -1.82500018e-02 2.49286387e-02 -3.68273501e-02 -1.55888111e-01 2.34564126e-01 7.14157534e-02 2.60403830e-01 -2.18144326e-02 8.11443864e-02 -3.64872343e-02 -3.64224443e-02 5.45475848e-02 3.52421257e-01 8.30618657e-02 -7.46234208e-02 1.46358720e-01 -1.00384805e-01 -3.35238959e-01 2.29150303e-01 -2.63698308e-02 4.94033895e-02 -1.45838576e-01 -1.66429149e-01 -1.98651286e-01
 -5.41690653e-03 -1.99391955e-01 -1.93352149e-01 -8.45961783e-02 2.52296553e-02 -1.09665270e-01 7.64625487e-02 1.96113048e-01 -2.56033379e-01 -1.06020399e-01 1.79031126e-03 2.67372284e-01 1.20476110e-01 -4.30256219e-03 -5.44205886e-02 1.53660934e-02 -7.65847116e-02 6.56010976e-03 -1.73115004e-01 -5.49667875e-02 8.72362625e-02 -1.65875919e-02 7.06062275e-03 2.14622734e-01 1.05635994e-01 1.06281584e-01 -1.31974315e-01 7.57910946e-02 3.38528738e-01 -5.96949659e-02 2.40268513e-02 -2.34398570e-01 5.01522991e-02 -2.26808637e-01 -4.66010996e-02 -1.58951812e-01 7.36053332e-02 1.21379795e-01 -1.20109806e-01 -6.55631216e-02 2.83970431e-01 -9.43695499e-02 -1.10006754e-01 3.23085050e-02 1.62764602e-01 4.99174256e-02 1.90478136e-01 1.76939586e-01 1.51456576e-01 -1.94975919e-01
 -2.31925592e-01 -4.04800965e-02 9.69182043e-02 -1.87439896e-02 1.46376716e-01 -1.38637879e-03 1.03616292e-02 1.31400271e-01 -1.47945753e-01 3.14243005e-01 1.73562075e-01 -1.09112463e-01 -3.02139304e-02 2.48198772e-01 -2.06817276e-03 -1.50372401e-01 -2.01990468e-01 -3.73030559e-02 -1.30084554e-01 -8.12523265e-02 -7.70183431e-02 -3.59509415e-02 9.57444614e-02 -2.19990175e-01 2.86537807e-02 -3.07724815e-02 2.81225779e-01 1.08561115e-01 5.45014623e-02 -2.63958277e-01 -5.48678553e-02 2.68045999e-02 -2.42046198e-02 -5.57638629e-02 -4.06117320e-02 7.81024504e-02 1.77654097e-01 8.09751494e-02 -8.85831215e-03 -5.61730128e-02 -1.02009500e-01 -1.47892115e-01 3.09510099e-03 4.58681890e-02 1.02936352e-02 1.22841641e-01 -3.58476026e-01 9.06446844e-02 3.31008939e-01 -6.20009747e-03
 -1.21288333e-02 -5.67402509e-02 -5.99410166e-02 -7.04028234e-02 -6.28883204e-02 1.87600578e-01 -6.21077895e-02 1.41239736e-01 -2.48862591e-01 -1.05160881e-01 2.07438917e-02 -2.38967643e-01 -7.19425026e-02 -2.47285655e-03 1.94551230e-01 8.58428183e-02 -1.42051925e-01 1.15452141e-01 1.32576399e-01 -1.49436108e-01 1.40476266e-01 -2.32233498e-01 -1.19802303e-01 -1.30252017e-02 2.25899870e-01 3.11062508e-01 9.30745847e-02 -1.83286798e-01 -1.72515086e-01 -8.11167334e-02 -1.63104291e-02 1.61335782e-01 -3.36317824e-02 5.41212379e-03 -1.01783015e-01 -2.16029240e-01 -3.72715476e-02 -3.35324315e-01 1.53140926e-01 7.22300710e-02 2.16284534e-01 9.11369711e-03 -2.18600986e-01 1.15431058e-01 -1.30511776e-01 -2.70018918e-02 -1.21855076e-02 -2.80470389e-02 4.18076904e-02 2.83690628e-02
 3.91070863e-02 1.21508536e-01 -1.22796518e-01 -2.34808571e-01 -1.74415716e-01 -1.93903080e-01 3.96563418e-02 1.41654757e-01 -7.90613680e-02 -4.31133486e-03 -6.68621401e-02 -1.34671229e-02 1.75985491e-01 6.28220303e-02 6.29719300e-03 -1.35209496e-01 -2.32546309e-01 9.31439263e-02 -2.56177359e-02 7.51874043e-03 -5.75238201e-02 4.03403094e-02 2.68840636e-01 1.60192214e-01 -2.31143645e-01 4.70096296e-02 -1.34757256e-02 -5.18084172e-02 -1.80599865e-01 -4.45243380e-02 -9.67405477e-02 -1.10419478e-01 3.20821609e-02 2.39371669e-01 2.37975504e-01 3.53991492e-03 2.20331335e-01 8.49696910e-02 -9.93022596e-02 -2.19428725e-01 1.48788645e-01 1.76534032e-01 -1.14402631e-01 1.74354515e-02 -3.60952856e-01 -7.42406253e-02 -9.98046749e-02 1.26972451e-02 -1.44161877e-01 1.28590671e-01
 3.60445385e-02 1.20927133e-01 -1.63241628e-01 -9.76660856e-02 -3.19601322e-02 1.54327992e-01 4.44937581e-02 -2.49513973e-02 -1.07245216e-01 8.54194832e-02 -7.26007614e-02 -5.14473339e-02 1.18630280e-01 -5.31215171e-03 4.96455559e-02 9.29256244e-02 -1.64548874e-01 5.40381837e-02 -1.45861264e-01 1.06214551e-01 8.17523763e-02 -9.37371272e-02 -2.83978662e-02 2.31387295e-01 -9.40044017e-04 -5.86230595e-02 -3.96131611e-02 -1.08810351e-01 2.09869883e-01 9.31044016e-02 1.35686727e-01 2.74083436e-01 7.72848554e-02 1.85905312e-01 2.34826440e-01 -1.05803721e-01 2.77099608e-02 -3.83130711e-03 -5.00028422e-02 2.09396779e-01 -2.31507548e-01 1.40541264e-01 3.75072164e-01 2.55485028e-01 4.28959735e-02 2.35790486e-01 7.02802618e-02 1.96459389e-02 2.51863795e-01 1.16496987e-01
 1.95061994e-01 1.61615150e-01 8.44435034e-03 -1.49111295e-01 1.14161847e-02 -2.07607920e-01 1.60592209e-01 4.96153335e-02 -5.02132037e-02 -1.14471237e-01 -3.49271178e-01 8.34455810e-02 1.05261417e-02 3.29949313e-02 5.48834264e-03 -1.26704543e-01 1.07224869e-01 4.34709193e-02 8.56998945e-02 -1.94346217e-02 4.22403855e-02 1.20451933e-01 2.17093774e-01 -1.91824830e-02 1.09207786e-01 6.63598199e-03 2.31091465e-01 1.32428559e-01 -1.57370090e-01 -2.08099150e-01 2.55397833e-01 1.92448575e-01 -9.96815372e-02 5.37320557e-02 -1.98040430e-01 -1.26440468e-02 -1.78624249e-01 1.24463015e-01 -1.63714158e-01 2.75091909e-01 4.49249259e-02 -2.77054748e-01 1.91368780e-02 -3.03187834e-02 -1.09589257e-01 4.99749253e-02 1.20627225e-01 -1.03583691e-01 1.41465526e-01 9.63002854e-03
 7.91235598e-02 1.34040949e-01 -7.28953214e-02 -1.08390328e-01 1.84547385e-01 1.66072756e-02 -7.08648575e-02 -5.21798743e-02 4.83180834e-02 1.16373513e-01 1.85129551e-01 3.63175968e-02 -9.60503614e-02 -2.27454066e-01 1.44665722e-01 8.23336978e-03 -2.33873297e-01 2.05537207e-01 5.61341765e-02 -2.18263738e-02 -1.60698564e-01 -2.44351029e-01 -1.32786634e-01 1.66660817e-01 6.84826827e-02 -1.95664595e-01 1.74327674e-01 1.54825713e-02 1.21262033e-01 -1.78671387e-01 -4.68821464e-02 1.81821276e-02 -1.29287506e-02 -9.50990728e-02 9.37283995e-02 2.08981084e-03 -2.30099312e-01 1.16614827e-01 -2.19538247e-01 -9.28730951e-02 6.35038746e-02 -2.21341413e-01 1.19507850e-01 8.34421229e-02 1.48229394e-02 -4.10290286e-01 1.41626475e-02 -7.37373872e-02 -1.81557797e-01 7.83574529e-02
 1.30797479e-01 -2.28509957e-01 -1.87652541e-01 -1.80849504e-01 -3.74105426e-02 -4.70303827e-02 1.28227515e-01 -1.68164519e-01 -4.11674399e-03 1.41535591e-01 1.93108621e-01 -1.42881478e-01 -1.22947565e-01 -8.24455419e-03 -5.67358959e-02 1.34517874e-01 5.11356437e-02 -9.97333607e-02 -5.03559892e-02 6.49824382e-02 2.70470857e-01 -9.51863653e-02 1.16310295e-01 -1.79160935e-02 1.67643635e-01 -1.29946173e-02 -1.21049469e-01 -1.61235520e-01 -3.89813616e-02 -5.92897294e-02 2.33424007e-01 -1.39752679e-01 -1.89362586e-02 -2.01624746e-01 -1.18132508e-01 -4.05385832e-02 -2.70448634e-02 3.48918240e-01 1.12864183e-01 3.89181518e-02 -1.07163540e-01 -5.21485464e-02 4.42732815e-02 6.93681248e-02 -2.42361054e-01 1.61363230e-01 -1.96067359e-01 -2.78642543e-02 -2.91767431e-01 1.15635349e-01
 -1.69489394e-01 1.06958117e-01 2.25230743e-01 2.77706819e-02 9.71561375e-02 -5.97887646e-02 -1.83204552e-01 5.03532495e-02 -1.50962723e-01 7.26736307e-02 1.25883158e-01 2.22394840e-01 3.98078537e-02 1.84019238e-01 1.51117692e-01 1.50369755e-01 6.86635278e-02 -6.10904266e-02 3.02930999e-02 7.97654344e-02 -1.67418169e-01 -3.43083513e-01 2.62796931e-01 -2.19995088e-01 -1.07834194e-01 -8.22631123e-02 -1.93593166e-01 -2.08740745e-02 -1.02300987e-01 2.63704271e-01 2.00818453e-01 2.11988983e-02 5.95577351e-02 -2.52772348e-04 1.64505829e-01 -1.66107870e-01 -2.69542731e-01 1.16935542e-01 2.29487444e-02 4.24032356e-02 1.66024787e-01 -8.29830465e-02 -5.75785054e-02 8.30582977e-02 -1.28015085e-01 8.41337830e-02 7.59663132e-02 -2.22112304e-02 2.82310830e-02 -8.29924695e-02
 1.72555569e-02 3.51166859e-02 1.51860727e-01 5.86531678e-02 2.10647131e-01 1.98394701e-01 -3.90989527e-02 1.73367358e-01 -2.11743922e-01 -5.89306899e-02 1.83836305e-01 4.84120119e-02 4.35006114e-02 4.24511602e-02 5.41771887e-02 -1.86170432e-02 1.47231131e-02 -1.75404260e-01 1.76211886e-01 6.91997964e-03 -1.91239773e-01 1.83194711e-01 -1.08160224e-01 2.81569032e-01 -1.89310117e-01 3.94165682e-02 -1.94902721e-01 -2.13111034e-01 -5.58109676e-02 -2.13730366e-01 2.80253947e-01 1.28130848e-01 -1.98709556e-01 1.58710228e-01 -1.95621490e-01 5.33974337e-02 7.89337092e-02 9.09982885e-02 -8.46246878e-02 3.86068885e-02 4.95536722e-03 -2.64009291e-02 9.51004962e-03 -7.14448196e-02 1.08773238e-01 5.72832619e-02 -7.65507403e-02 2.56911928e-01 -2.16778238e-01 9.29396415e-02
 2.67355853e-02 -8.68163567e-02 -9.11555356e-02 -2.20009109e-01 1.63385875e-01 -8.93374580e-02 -4.16894399e-02 8.56698593e-02 -7.03131106e-02 -5.62389542e-02 2.07076154e-02 2.24017892e-01 -1.54354175e-01 1.02919461e-01 3.50271760e-01 2.29889365e-01 7.07863945e-02 1.18429335e-01 8.45786462e-02 3.01333779e-01 1.13084076e-02 2.97516914e-01 3.37018947e-02 1.09047654e-01 8.25420114e-02 -1.34594749e-01 -9.79480648e-02 2.41747449e-01 4.53424863e-02 -2.99119556e-02 -3.04964316e-01 1.83337158e-01 8.07563070e-02 5.30426167e-02 -1.46691566e-02 8.58538615e-02 -1.80837739e-02 -1.16278260e-01 2.44030180e-01 -3.35760910e-02 1.45379150e-02 -7.61361802e-02 -2.35623409e-02 7.31381727e-02 -4.75714819e-03 1.45965241e-01 -2.03830431e-01 -7.84823823e-02 -9.47629698e-02 -6.02521737e-03
 6.05062953e-02 -2.06287550e-01 -1.78144286e-01 1.73929764e-01 1.59065899e-01 -1.71490646e-01 -1.84491508e-01 -1.87822385e-01 5.20553218e-02 -4.23814034e-02 -2.37555813e-01 -6.78746778e-02 8.52956452e-03 1.50670359e-01 -6.50470461e-02 1.27550393e-01 -3.37929405e-01 1.82710943e-02 -6.19611911e-02 -6.27348452e-02 -4.18667481e-02 -5.14492529e-02 2.21697814e-02 -1.42699132e-01 -7.53859251e-02 3.85376636e-02 -2.40385098e-01 2.75465670e-02 -4.95689210e-02 -3.48230487e-02 -5.94790998e-02 3.22797109e-01 -2.58818247e-01 2.11238996e-02 -5.52946697e-02 -6.61479930e-02 7.07237743e-02 1.92969989e-01 9.28650662e-02 -2.22951979e-01 8.55009616e-03 -1.03369694e-01 -7.48441313e-02 -4.56916759e-02 1.68948091e-01 -1.21007120e-02 1.71335006e-01 -8.02056769e-02 3.69843014e-02 2.73027528e-01
 -9.73308715e-02 -3.36530515e-01 -1.04635364e-02 -1.43420445e-01 1.08602775e-01 1.23712090e-01 -3.57658175e-02 -1.45255010e-01 8.24471640e-02 -8.25137920e-02 5.29661521e-02 -1.57805759e-01 9.87661764e-02 -4.01632835e-01 -1.18676645e-01 5.05588221e-02 2.05920322e-02 6.12786689e-02 7.05687182e-03 9.15144068e-02 -1.11413631e-01 -1.29259427e-01 1.15901045e-01 -9.80834120e-02 -2.57435873e-01 9.92977477e-02 5.59974212e-02 3.18832771e-01 1.05659002e-01 -2.60427956e-02 1.69060329e-01 1.24179156e-01 1.95507192e-01 1.87142285e-01 -1.46517736e-01 5.32718436e-02 1.17556363e-02 -1.33337603e-01 -1.94064457e-01 -4.53680565e-02 2.32865685e-01 -2.11046836e-02 1.02063651e-02 -2.00905284e-02 -4.54040214e-02 2.32617471e-01 -8.31851549e-02 -3.52237381e-02 -4.15634519e-02 1.12646048e-02
 -2.60024923e-01 -2.51307529e-01 4.31170342e-02 5.84781418e-02 -4.01829681e-01 4.18872225e-02 -5.98649893e-02 8.03473131e-02 1.71132061e-01 2.00102383e-01 -6.38202615e-02 -3.98336881e-02 1.46426500e-01 7.05806279e-02 1.75307244e-01 2.12130876e-01 6.29833760e-02 2.20393196e-01 -1.30376459e-01 -2.37923012e-01 9.71797098e-02 1.20630833e-01 1.33082023e-02 9.60476253e-02 1.53617391e-02 -1.17202497e-01 1.08815234e-01 3.74360582e-02 -1.68141123e-03 1.24389801e-01 7.44634657e-02 1.28526331e-01 -1.90131751e-01 1.81488730e-01 2.43984783e-02 8.75415276e-02 3.82520274e-03 9.98709809e-02 -5.75029802e-02 1.03583323e-01 5.03810233e-02 -2.36487566e-01 -4.72055226e-02 9.58729125e-02 5.28163818e-02 -7.65899373e-02 4.60994944e-03 2.00198218e-01 -2.16121670e-01 -1.50104824e-01
 -8.39074494e-02 -2.80431508e-01 -2.09658719e-01 2.66178501e-01 4.61850924e-02 -1.06823791e-01 9.29074336e-02 -1.49767968e-02 -4.28656157e-02 -7.55979879e-04 -2.86935384e-01 -1.66523522e-01 -8.05719891e-02 1.40442447e-01 2.45021052e-01 -2.15712519e-01 1.57239701e-01 -2.38933613e-01 -6.75904697e-03 2.80122198e-01 -1.97829721e-01 4.47409502e-03 -1.24826510e-01 -1.03492790e-01 1.08320877e-01 -2.62368392e-02 7.01742258e-02 -7.34534094e-02 7.81915553e-02 -1.29870531e-01 1.77150528e-01 -4.44235447e-02 9.86509084e-02 1.16112909e-01 1.44688800e-01 -6.69859084e-03 -5.08694873e-02 -5.33948070e-02 -5.11976642e-03 -1.19571544e-01 1.41008539e-01 5.21697222e-02 1.64151203e-01 1.93116233e-01 -1.20120010e-01 -1.80618761e-01 1.65770332e-02 1.23990822e-01 -8.26948765e-02 -8.50422353e-02
 2.36872995e-02 -8.56660489e-03 1.03204456e-01 2.25971809e-01 -9.69227289e-02 1.24039699e-01 9.68001630e-02 2.69818213e-01 1.70208310e-01 -8.71584119e-02 6.15106670e-02 -2.61473507e-02 1.83404053e-01 -1.30870360e-02 3.05245080e-02 2.19747798e-01 -1.86194822e-01 1.32956024e-01 3.27627482e-01 2.66540808e-01 1.50172389e-01 1.68961090e-01 -6.67129517e-02 -2.44962936e-01 -7.29435304e-02 2.51079145e-02 1.61636243e-01 9.89037280e-02 9.92870151e-02 -2.43950201e-01 9.40898737e-02 -9.05867260e-02 -2.49797378e-02 -1.44570378e-01 2.74334087e-01 -2.55212540e-01 -1.35526844e-02 1.56263779e-01 2.09794639e-02 -9.61709119e-03 1.26085531e-02 4.51473242e-02 3.16678998e-02 -1.08755018e-01 -1.77600894e-02 1.15661082e-01 7.70004842e-02 -2.70353551e-02 -4.32729273e-02 8.80662094e-02
 -1.24683245e-01 1.21650042e-01 -8.32758019e-02 8.94902854e-02 -1.59166687e-01 -1.19336102e-01 5.66469603e-02 1.10308388e-02 1.00308539e-01 -1.54709848e-01 5.48612233e-02 7.84951066e-02 -1.32020572e-01 -1.30069606e-01 -5.01173643e-02 8.33875450e-02 -6.80643740e-02 -3.32143753e-01 -1.39285884e-01 -2.88549081e-01 8.46450226e-02 4.53259565e-02 -6.75104667e-02 5.89421845e-02 5.31974297e-02 -2.83375047e-01 -1.79430113e-01 1.36846437e-01 -7.63951549e-03 -2.73811323e-01 2.34831021e-01 1.96069577e-01 7.57714527e-02 -7.04682250e-02 3.09584636e-01 1.79195624e-02 -1.41970819e-01 -2.01499953e-01 1.32267734e-03 -1.11409555e-02 9.00223388e-02 4.64372854e-02 -2.07218499e-01 -5.64409182e-02 -2.11650669e-02 4.67128283e-02 -2.22334084e-01 -1.71918075e-02 5.21577229e-02 8.98268851e-02
 -1.58409524e-01 3.80836060e-02 2.12868739e-02 1.51721103e-02 7.96261609e-02 -3.30136475e-01 -3.91717103e-02 -1.47782086e-01 4.57574544e-02 8.45168965e-02 5.29595048e-02 -2.78325985e-01 8.78799199e-02 1.68161314e-01 -1.21134195e-01 1.52250457e-01 7.63832335e-02 3.54195566e-01 -9.86225013e-03 1.46277912e-01 -1.31501054e-01 1.59036415e-01 6.11020253e-02 2.05197582e-01 1.15070979e-02 -1.68347498e-01 1.27568063e-02 -1.20349263e-01 7.97885102e-02 -3.80238027e-02 1.67305424e-01 -7.69646066e-02 -6.79438339e-02 -1.26845298e-01 -1.83257788e-01 -1.71784121e-01 -1.79028798e-01 -1.65365380e-01 -4.39850397e-02 8.43752702e-02 1.26101093e-01 3.33233757e-01 -1.15814962e-01 -5.18006292e-02 7.96856227e-02 -6.33569304e-02 -1.20107909e-01 1.41571844e-02 1.35006548e-01 7.83719779e-02
 1.71032860e-01 -9.71130436e-02 1.98390470e-01 -1.06662486e-01 -2.38063152e-01 -4.26085891e-02 -1.84503151e-01 1.03384480e-01 -5.60104477e-02 -2.16313537e-01 5.51866804e-02 -3.82253804e-02 2.05189411e-02 2.05703536e-02 7.66208851e-02 1.34193533e-01 -1.46784611e-01 -1.78285919e-01 -2.63660239e-01 3.95530848e-02 -3.42032556e-02 1.51960717e-01 -3.50972543e-02 2.89011602e-02 -6.60586460e-02 2.14578142e-01 8.73804599e-02 7.90047157e-02 -1.32891578e-02 1.37838793e-01 1.29970840e-01 9.71056107e-02 3.37401019e-02 -8.15731498e-02 -1.46550282e-01 -7.90403781e-02 -1.95737871e-01 1.10753054e-01 6.73607615e-02 -1.70512241e-01 -1.31804022e-02 9.36392499e-02 3.47538472e-01 -1.50440566e-01 -2.27969156e-02 -3.06654692e-01 -2.52695468e-01 -7.88248620e-02 1.42055675e-01 -1.03963197e-01
 1.22876688e-01 -1.22515610e-01 -3.04612811e-02 1.75171604e-01 1.61460134e-01 1.33253379e-01 -9.29941563e-02 -2.99621404e-01 -8.77917726e-02 3.03665499e-01 1.34718558e-01 1.97497670e-01 -1.79258178e-01 -7.02062965e-02 -7.78707480e-02 -4.12808687e-02 -2.59771411e-02 -5.03163438e-02 -8.12462830e-02 3.29292164e-03 9.43965761e-02 2.99168224e-01 1.29449970e-01 8.96958192e-02 1.91041050e-02 2.04275693e-01 1.41750744e-01 2.07565352e-02 -3.20721779e-02 -2.56220082e-02 -5.56790365e-02 1.28070788e-01 -2.47154475e-01 8.77304410e-02 2.51814818e-01 -2.08857971e-01 -8.88951916e-02 -1.52174018e-02 -1.36864449e-01 6.45807045e-02 9.22651382e-02 1.70266790e-01 -8.10503308e-02 -9.08690414e-02 -1.79157030e-01 -4.91336587e-03 3.23832996e-02 -6.81148711e-02 1.35557324e-02 -2.83044218e-01
 6.85375773e-02 1.82590370e-01 1.25323556e-01 6.97715777e-02 -2.64479758e-02 3.96092716e-02 -9.28445838e-02 7.48107958e-02 -2.92850368e-01 1.94625879e-01 -2.54931930e-01 -1.96827650e-01 -3.59142621e-01 -3.89580636e-02 -5.50725139e-02 2.55452439e-01 1.00355446e-01 -2.65368675e-02 1.87224631e-02 1.35429644e-01 2.48091225e-01 -1.24471762e-01 1.55448974e-01 1.21920781e-01 3.81163876e-02 2.87355470e-02 1.30933845e-01 1.73018958e-01 -4.27372593e-02 5.01713265e-02 1.14357550e-01 -8.23385095e-02 2.05475014e-02 1.07057055e-02 1.28052363e-01 2.19065136e-01 8.28425706e-02 4.19954609e-02 -8.37814352e-02 -2.07745349e-01 1.49293863e-01 8.19430783e-02 1.68648697e-03 -1.10156563e-01 3.00724375e-01 1.69324539e-03 1.67202267e-02 8.60840436e-02 -6.93230083e-02 1.08823548e-01
 4.60583772e-01 -2.88971791e-01 3.00628269e-01 2.15104239e-01 -5.02795695e-03 1.04900314e-01 3.07742109e-01 -3.49598084e-02 -9.16662353e-02 -7.79201065e-02 -4.28354521e-02 -1.49665075e-01 -8.49321132e-03 6.07056413e-02 8.27071619e-02 7.33188778e-02 -1.00156824e-01 9.21319356e-02 -5.61052992e-02 -1.80197919e-01 -2.90212526e-01 -4.33560280e-02 9.73559737e-02 1.64678188e-01 -2.63919310e-02 -2.40437407e-01 -1.96255278e-02 -1.57489647e-02 -1.18285650e-01 4.24877775e-02 -8.68406841e-02 -8.14823353e-02 6.18613325e-02 -1.25302403e-01 1.33354050e-01 6.67218281e-02 6.75537287e-02 5.97081532e-03 3.74752812e-03 1.10633168e-01 1.11424221e-01 -1.01643984e-02 -3.19058373e-02 1.01975140e-01 4.55875617e-02 1.29662478e-01 -7.35121249e-02 -1.64460049e-01 4.73241011e-02 -6.31124541e-02
 2.68553688e-02 6.08896737e-03 -1.16175371e-01 -7.74113846e-02 -1.02670325e-01 -3.15978886e-02 5.50740082e-03 1.29541458e-01 2.51032557e-01 1.64428198e-01 7.02400184e-02 -9.28644859e-02 -4.91754920e-02 1.70847212e-02 6.62101247e-02 2.66288012e-01 1.80399458e-01 -3.53265838e-01 -1.20026394e-02 1.03918692e-01 -1.30687224e-01 -7.28587160e-02 2.83878643e-01 1.27135633e-01 -2.89359921e-01 8.69123531e-02 1.15716222e-01 -2.35975158e-01 5.50996092e-02 -1.99511345e-01 -1.49067204e-01 1.79720328e-01 7.34727451e-02 -2.14328826e-01 -5.66916620e-02 -6.80681771e-02 1.97804460e-01 -9.47425692e-02 -3.18228261e-02 8.07381830e-02 -4.66405290e-03 -8.50334233e-02 -7.02566037e-02 2.91428325e-02 8.48835180e-02 -1.20894698e-01 2.04057980e-01 -1.51212407e-01 6.40688797e-02 -7.97604925e-02
 -2.27007904e-01 -1.69911647e-01 1.65883102e-01 6.13654216e-02 -1.68299577e-01 -7.71718935e-02 1.51300953e-01 -4.55930320e-02 -2.28357088e-01 1.50598056e-01 7.63091257e-02 3.19348959e-01 4.23411705e-02 -1.27484545e-01 -5.12209341e-02 9.05741789e-03 -5.08814226e-02 2.11804354e-02 -5.47637705e-02 5.41023403e-02 -5.92423501e-02 5.67836635e-02 -3.34152305e-02 -4.01004358e-02 1.14593668e-01 -3.39319875e-02 8.59310073e-02 3.61322046e-02 -3.13821278e-01 -9.24976678e-02 -5.93355966e-02 2.24969189e-01 1.85538917e-01 -2.59189752e-01 -1.57980878e-01 7.59132866e-02 6.59686600e-02 -2.64836164e-02 -6.02747272e-02 -1.43689035e-02 -5.05183942e-04 2.71869123e-01 1.53078261e-01 1.08781597e-01 -3.33227272e-02 -4.36141924e-02 2.83678987e-01 4.00525342e-02 -1.00449039e-01 2.78451321e-01
 -1.57602824e-01 -5.06140713e-02 -1.81775564e-01 3.72487626e-02 -7.97700832e-03 -9.86690370e-02 3.13898129e-02 7.43114157e-02 -2.10765086e-01 3.53024037e-02 -3.90607051e-02 -3.44650757e-02 -2.76308233e-02 -2.97069382e-01 6.45665951e-02 5.32594780e-02 -2.57334806e-02 -1.65799195e-01 2.35862611e-01 -1.43416512e-01 -2.32207461e-01 -1.60484004e-02 7.36221250e-02 1.31642782e-01 -8.33815008e-02 -6.24451202e-02 1.22442963e-01 3.54772321e-01 -1.87346418e-02 1.75732891e-01 1.04040556e-01 -2.15438433e-01 -3.05788021e-01 -1.12272822e-02 -3.76049902e-02 -1.92517417e-01 1.05085455e-01 3.08650926e-02 2.89946317e-01 1.27310243e-01 -2.63317283e-01 9.29187550e-02 -1.42664051e-02 9.56335749e-02 -6.33034482e-03 -1.06319074e-01 8.23443513e-03 -1.02143862e-01 3.64376220e-02 3.36267502e-02
 9.83727044e-03 2.25959877e-02 1.30453436e-01 -2.64084554e-01 -5.29910981e-02 4.00042608e-02 -1.18435521e-02 -9.26956678e-02 5.66190648e-02 -1.20743433e-01 2.45330188e-02 6.51302904e-03 -2.40100292e-01 9.41078863e-02 -7.44914052e-02 -4.27201220e-02 -8.87139464e-02 -1.57208268e-01 -3.36351383e-02 5.48161560e-03 -2.60391862e-02 9.04675134e-02 -2.59427526e-01 -5.96265167e-02 -1.99250731e-01 -1.13902837e-01 3.41421302e-01 -5.24687694e-02 1.88989705e-01 8.11839456e-02 -1.17232814e-02 2.50881725e-02 -4.55573506e-02 8.64593991e-02 -3.74984464e-02 7.29904708e-02 -9.32080290e-02 3.01659888e-01 1.94940580e-01 7.71758067e-02 2.48267803e-01 2.06687426e-01 -2.75515224e-01 3.01858547e-01 2.00774972e-02 8.49778964e-02 1.75728525e-01 3.89015566e-02 1.56642937e-02 8.40941712e-02
 1.78523819e-01 -4.54407223e-02 3.46122540e-01 -1.92779614e-01 8.53633752e-02 -1.89701359e-01 -1.19906247e-01 5.61612280e-02 -2.16998827e-01 1.65875222e-01 -1.79080323e-01 -7.14384830e-02 1.99421225e-01 -2.21585864e-01 -8.04600815e-02 -4.47709599e-02 1.95246486e-01 -5.51650913e-02 -1.43893966e-01 -1.36250367e-01 9.91216390e-02 8.43334612e-02 -7.12893945e-03 -2.44713409e-01 -5.41733659e-02 -1.11944910e-01 -4.80621680e-02 -1.07130191e-01 2.11965662e-01 -1.82555093e-01 -1.23969608e-01 1.82614038e-02 -2.60736949e-02 7.10684855e-02 1.01120955e-01 -3.17776851e-01 -1.62359263e-02 -1.51737179e-01 1.16387628e-01 -2.89171754e-02 -8.82858226e-02 -3.57703930e-02 2.11897483e-02 1.38180090e-01 9.63697205e-02 -5.39283163e-02 -1.86693840e-02 3.12622952e-02 -2.39638842e-01 6.69341955e-02
 -1.20057742e-01 -9.76376287e-02 1.64206050e-01 8.22967489e-03 -3.10303066e-02 -2.14811735e-01 -2.16377726e-02 4.70694214e-02 -5.47901645e-02 1.06511437e-01 4.19825647e-02 -2.65849623e-01 -1.00424705e-01 -1.01711493e-02 -1.96422710e-02 -5.76112441e-02 -2.39998039e-01 -1.28793928e-01 6.33687849e-03 7.86936940e-02 1.12114893e-01 -5.48821812e-02 -6.65145294e-02 1.24698749e-01 -1.18260447e-01 5.41420330e-02 -2.35900392e-01 1.18832957e-01 3.62374794e-02 -1.40382488e-01 -2.77183829e-01 -1.24138745e-01 -7.58870320e-03 8.32422684e-02 3.34940480e-02 1.77539649e-01 -2.24259543e-01 -1.44680707e-02 1.08027452e-01 4.23992618e-01 9.48032921e-02 -8.15221248e-02 1.80289034e-01 -2.41075711e-01 -1.76657547e-01 9.88516213e-03 2.29223307e-01 1.03250378e-01 1.46197113e-02 -8.89295138e-03
 2.24220078e-01 1.10880801e-01 -3.29019839e-01 1.30554290e-01 1.03165504e-01 1.53095215e-01 -1.17223592e-01 1.87892557e-01 3.65111983e-02 2.20423331e-01 -1.17095244e-01 6.62017375e-02 -2.82200297e-02 5.37066256e-02 -1.75849917e-01 1.30969500e-01 -4.96537723e-02 5.25005165e-02 -8.74177668e-02 -1.96404037e-01 -1.65060976e-01 2.25765941e-01 2.98925704e-02 -1.83466330e-01 -1.55155827e-01 1.11597146e-01 6.30747803e-03 7.13386734e-02 -1.05448018e-02 1.23395557e-01 1.02391132e-02 -9.44236431e-02 2.37667808e-01 -1.47882458e-01 -6.24651252e-02 5.43655064e-02 -1.55105922e-01 -1.04807137e-01 9.17821368e-02 2.43405863e-01 1.44818070e-01 -3.88822370e-02 7.15678793e-02 1.10914365e-01 -8.94686331e-02 -6.29018342e-02 -9.75079093e-02 2.61070391e-01 -9.33770075e-02 2.29857329e-01
