 1.68714666e-01 4.94797005e-02 2.16499980e-01 1.77260082e-01 -1.80075318e-01 -2.67382588e-02 -1.42557719e-01 -1.37878726e-01 5.11872262e-02 1.47517510e-02 1.36992060e-01 -2.81100100e-02 1.25192102e-01 -1.42712346e-01 3.42265540e-02 1.05927262e-01 6.60674700e-02 4.39613645e-02 -1.55838164e-01 -5.29804193e-02 -1.22629609e-01 5.84610012e-02 3.09179456e-01 1.59023783e-01 -8.37560635e-02 9.11502948e-02 4.46819865e-02 1.60185713e-01 -1.58095935e-01 -1.63997382e-01 2.95938229e-01 2.40575108e-02 -1.24511337e-01 5.91454367e-02 1.44801662e-01 -2.41149966e-02 1.19051922e-01 -1.95504787e-01 8.39372710e-02 7.80287816e-02 -1.55366774e-01 -2.73340055e-01 7.67750569e-02 -1.34608417e-01 -3.06746114e-01 -1.40325220e-01 -1.55187786e-01 4.46280922e-02 -8.27887018e-02 1.26799463e-01
 4.39637210e-02 -3.28088410e-02 4.17912208e-02 1.93745781e-01 -2.30186377e-01 4.87517330e-02 -7.28981715e-02 5.45991113e-02 3.35197162e-03 -5.23033745e-02 -9.99610390e-02 7.71152578e-02 2.38068318e-01 1.04198803e-01 -1.05363005e-01 -4.23063782e-02 -1.55302233e-01 -9.89736433e-02 -2.41521203e-01 1.36545539e-01 1.35986745e-01 2.79067723e-02 -5.48297276e-02 -1.04570735e-01 1.16630218e-01 -6.15636813e-02 1.47110102e-01 -1.54242860e-01 3.83589757e-02 -2.75766667e-02 -1.15096674e-01 1.70432244e-01 -8.79296122e-02 8.00616796e-02 1.05376439e-01 -2.39170350e-01 -2.20796212e-01 -7.49843104e-03 8.03770392e-02 -2.26191416e-01 -2.29196843e-01 8.54464557e-02 -1.39351630e-01 1.27806402e-01 -1.36641599e-01 -2.78968786e-01 1.35594597e-01 -5.54098985e-02 3.74630764e-01 2.68295504e-02
 3.55606557e-02 -2.17395702e-01 -1.24675160e-01 1.51619893e-01 -2.49871593e-01 1.53839834e-01 2.18634237e-01 1.71937341e-02 4.16535597e-02 -4.52067594e-02 -1.76819152e-01 -9.80704107e-03 6.02419517e-02 -1.80224921e-01 8.27947723e-02 7.20652307e-02 -1.25441335e-01 1.30983107e-01 -9.55733312e-02 -1.12964109e-01 2.29495564e-02 6.42628217e-02 1.78726308e-01 -9.50488462e-02 -1.32411625e-01 3.82230891e-01 -7.93908783e-02 1.65276040e-01 1.13178412e-01 -2.38844675e-01 -1.94871258e-01 -5.50380547e-02 1.78988610e-02 -2.09815624e-01 -1.43576468e-02 3.43608091e-02 -1.40854464e-01 -8.86100838e-02 1.67156117e-01 1.26978302e-01 1.25178695e-01 2.44865931e-02 4.62146689e-02 1.13218136e-01 5.95714635e-02 2.66054819e-01 6.10919506e-02 1.55886318e-01 1.66019428e-01 -9.09526562e-02
 2.37419044e-01 -8.32543840e-02 1.38496552e-01 5.92938085e-02 8.70451282e-02 -1.49005401e-01 -1.44738239e-01 4.51035641e-02 -2.74114553e-02 -1.23615881e-01 2.32244434e-01 1.07113801e-01 6.63720572e-02 1.39677826e-01 2.98136993e-02 -4.53889745e-02 4.74982250e-02 -2.16721297e-01 -1.06740775e-01 -2.97945290e-01 -1.45843535e-01 -2.44904653e-01 4.91832210e-02 2.72761890e-02 2.51326104e-01 1.06663355e-01 -1.41043816e-01 -1.37946857e-02 1.04151515e-01 1.88561527e-01 -1.18547859e-01 2.03558574e-01 -6.58919752e-03 6.59487883e-02 2.75685829e-03 5.85590134e-03 -1.14642491e-01 -1.25738345e-01 -5.89438036e-02 -1.04256501e-01 2.86843482e-01 -8.84231824e-02 -7.02814962e-02 2.45270555e-01 -4.40577907e-02 2.43128145e-01 -7.08980240e-02 1.85727331e-01 1.44352840e-02 1.37500308e-01
 1.12382902e-01 2.44699733e-01 1.47663237e-01 -3.99032215e-02 -1.71069488e-02 1.51011110e-02 -3.47480636e-02 -6.73910161e-02 -1.91504081e-01 2.83031977e-02 1.50459690e-01 -3.57486758e-01 6.33930026e-02 -6.14561143e-02 -1.49615831e-01 -8.77911542e-02 -6.00627101e-02 -8.01904813e-03 2.45657990e-01 -8.17858992e-02 4.24113978e-02 -6.92365608e-02 -1.62842795e-01 -1.16916589e-01 -6.92302957e-02 2.64608078e-01 2.17490430e-01 5.26773326e-02 -2.19745417e-03 1.46104204e-02 -3.55681346e-03 -1.02327043e-01 2.42289466e-01 2.33726301e-01 2.42699358e-01 5.84757984e-02 -2.12020871e-02 -1.37743813e-01 4.03275765e-02 8.23612484e-02 2.50196974e-01 8.17956150e-02 1.69953771e-01 2.41830343e-03 -7.71170660e-02 -7.62814881e-02 2.24154431e-01 -1.05759724e-01 2.08455566e-01 -2.51922286e-02
 3.34015379e-02 4.63380620e-02 -2.32314487e-01 -1.55595549e-01 -2.37535416e-02 -2.76247366e-01 -1.55065014e-02 1.12576744e-01 -2.14030882e-01 -1.51215231e-01 -8.15046327e-03 -3.80725954e-01 -3.42572329e-01 -2.21820674e-01 -1.32294795e-02 6.40735512e-02 1.14836680e-02 1.04757536e-02 1.12319994e-02 -6.15970912e-02 4.48780178e-02 -2.34430161e-02 1.06653376e-01 1.85106950e-02 3.59813639e-02 1.27942308e-01 1.36181222e-01 -7.33249637e-02 1.02065559e-01 -1.58926743e-01 1.07313114e-01 2.54249936e-02 -2.33594268e-01 -5.36780869e-02 -1.64816063e-01 -1.02507351e-01 -1.71722685e-01 6.29694512e-02 7.94845933e-03 -2.59556647e-01 -1.74437343e-02 -1.07535771e-01 -2.07559469e-01 1.49068673e-01 -1.77450044e-01 -1.69321034e-02 4.64460255e-02 -1.12958237e-01 -1.28391322e-01 -3.43565107e-03
 6.62884206e-02 7.31362805e-02 6.25782755e-02 9.04816322e-02 1.69957818e-01 2.18210135e-01 4.55350748e-02 1.43753054e-01 -3.77733072e-01 2.03418789e-01 1.85166069e-01 -3.71045300e-02 -4.74242452e-02 -7.80057006e-03 -1.36833408e-01 1.59470980e-01 1.47430440e-01 8.55915510e-02 -1.85487024e-01 7.44275936e-03 -2.35443340e-01 -1.22184267e-01 -5.68988809e-02 -1.29069658e-01 -1.47264898e-01 -1.83742279e-01 7.66036687e-02 3.59068607e-01 -1.38094687e-01 -3.06245688e-02 -4.39970263e-03 -3.00019514e-03 -5.09058611e-02 -1.65534408e-01 9.99658914e-04 -6.41523261e-02 -1.87403326e-01 1.72648383e-01 -1.11631512e-01 1.04207991e-01 -1.78806873e-01 8.87578460e-03 -5.98746284e-02 1.74068546e-01 1.12341427e-01 9.04509919e-02 5.01271907e-02 -9.51519938e-03 1.13032430e-01 1.55517919e-01
 1.17042226e-01 -1.87719055e-01 -1.07939960e-01 -2.30868645e-02 1.53159695e-01 -1.46122898e-01 1.20429136e-01 -1.38573602e-01 1.95824123e-02 1.61449344e-01 3.29148158e-02 -1.27991122e-01 8.07161622e-02 8.71470917e-02 4.63787578e-02 -1.79480099e-02 6.01158695e-02 -3.05206372e-02 3.34616062e-02 -2.95589384e-01 1.15917778e-01 -8.40063800e-02 1.03949203e-01 -1.39015507e-01 -1.48364016e-01 8.13939913e-02 3.64092220e-02 1.08681150e-01 8.74462535e-02 -2.15884730e-02 -8.16841807e-02 -1.15480060e-01 1.13988496e-01 -3.17871679e-02 -1.56145540e-01 -5.53151543e-02 1.76046134e-01 -1.63081064e-01 -2.89382725e-01 -1.55388716e-01 -2.56463005e-01 1.84252868e-01 6.04298242e-02 1.23323607e-01 6.56136386e-02 -4.02863341e-01 -2.13572601e-01 2.05870547e-01 6.45229807e-02 -4.51785122e-02
 -1.17498007e-01 3.31576588e-02 -1.57645307e-01 3.70564551e-01 -3.34039726e-02 -1.75196682e-01 -5.40407447e-02 -1.48458711e-01 4.81111562e-02 2.96211732e-01 -1.18795616e-01 -1.08047367e-01 -1.60720744e-01 1.24331306e-02 -2.98939226e-01 -3.69778363e-02 2.78269281e-04 -1.36194589e-01 -1.30876621e-01 5.03262669e-02 -1.05416916e-02 -3.99219375e-03 -8.90679446e-02 -2.78384476e-02 -8.84888583e-02 -9.75724660e-02 8.36912695e-02 -1.87140086e-01 1.64184496e-01 1.64152067e-02 -1.02117480e-01 -1.46083970e-02 -1.04971619e-01 -2.94031181e-02 3.58401864e-02 1.43836997e-01 1.42285813e-01 -2.04053931e-01 7.24389059e-02 2.04191089e-01 5.89686861e-02 -1.36025689e-01 9.45900315e-02 2.91226117e-01 7.77587058e-02 7.97286353e-02 -2.30820623e-01 -2.20240199e-01 -1.27364101e-02 1.28582812e-01
 1.18537568e-01 -3.02238150e-02 -2.05591999e-02 -2.42654355e-01 -3.75974469e-02 -1.77400242e-01 -2.05486702e-02 -1.23692236e-01 7.03593840e-02 8.86188117e-02 -1.01608190e-01 1.90113759e-01 -4.54228117e-02 1.34359842e-01 -1.55941991e-01 4.09739588e-02 1.21008993e-01 6.80485836e-02 -1.36769359e-02 3.19861877e-01 -4.70099667e-02 4.40244662e-02 -1.00436475e-01 -3.29268350e-01 -1.40926175e-01 2.14616478e-01 9.03231294e-02 1.13278663e-01 1.12524341e-01 2.24621781e-01 9.38902586e-02 -2.11316567e-02 2.74445248e-01 -1.08822208e-01 -8.15617593e-02 -6.09093717e-02 -1.59139695e-01 -1.48590515e-01 8.35530954e-02 -8.11488166e-02 -2.04113579e-02 -3.92547415e-01 -1.56427273e-01 -9.44538392e-02 -7.18068513e-03 5.86245274e-03 6.41333798e-03 1.08945242e-01 -2.54245421e-02 9.48002859e-02
 2.49933277e-01 -2.12912553e-01 -2.53987041e-01 -7.62758657e-02 7.38986002e-02 8.23410814e-02 1.45765430e-01 -2.87089033e-01 1.02058839e-01 -3.13048056e-02 5.73100967e-02 4.83777533e-03 1.78673994e-01 -1.61961611e-01 1.78295436e-01 5.78956207e-02 -2.05433211e-02 -2.03094789e-01 1.78073909e-01 1.37335237e-01 1.60482211e-02 -1.22139590e-01 -4.37749073e-02 2.23837182e-01 -1.49864819e-02 -3.93145362e-02 9.14668279e-02 2.31488667e-02 1.55033396e-01 4.22022942e-03 -7.00116298e-02 -2.02503980e-02 -1.49618579e-02 2.62102078e-02 1.03952406e-01 6.42947250e-03 -1.82968070e-01 2.82195412e-01 1.15928836e-02 5.84900872e-02 -4.21089751e-02 -1.64224327e-01 2.07888665e-01 8.20629587e-02 4.25440336e-02 -9.99853536e-02 9.22538959e-02 -1.44763280e-01 -5.59961120e-02 3.83355713e-01
 1.48026755e-01 8.94348074e-02 8.00214530e-02 -1.24214238e-01 -6.36551217e-03 1.15903378e-01 1.73835633e-01 -1.33929924e-01 -8.60076547e-02 2.62355862e-02 -8.10092194e-02 -1.46337554e-01 -8.65606300e-02 8.90631013e-02 -4.51763933e-02 2.63681847e-01 -2.29191410e-01 6.85326256e-02 -1.18277050e-01 -3.88960451e-02 1.05435928e-01 1.40764155e-01 -2.04914491e-01 1.63398170e-01 -3.91755740e-01 -1.22117587e-02 -2.26656264e-01 -1.77553475e-01 -1.26092225e-01 2.31549188e-01 -1.36965475e-01 1.71927981e-01 -5.28911117e-02 -3.88183399e-02 2.24686283e-01 -8.46825143e-02 -8.80073848e-02 -1.73110032e-02 2.04765031e-02 -1.11117933e-01 7.80432497e-02 1.07453001e-01 -7.90370666e-03 4.84884090e-02 -1.64501289e-01 -8.07206044e-03 -1.74135340e-01 1.73282161e-01 -2.08812157e-01 5.44922610e-02
 2.93600163e-01 3.16838301e-01 -1.67438934e-01 -5.96324853e-02 -1.52903541e-01 -4.87538089e-02 -1.95695160e-02 -9.87200866e-02 -1.32559411e-01 -7.06261706e-04 -1.39523469e-01 2.63067897e-01 -9.94975795e-02 8.88450681e-02 9.04967384e-02 4.36559824e-02 -4.07212261e-02 2.79771759e-01 3.24087600e-02 -7.30597803e-02 1.11296080e-01 -1.35380357e-01 1.45224188e-01 1.33450662e-01 4.95267011e-02 -1.86896589e-01 9.18624955e-02 1.56617357e-01 2.90960816e-01 -3.09063675e-03 -7.22918619e-02 -1.85289107e-01 -1.46044099e-03 2.07687608e-01 1.38608190e-01 6.02090571e-03 -1.62382584e-02 -5.25640222e-02 7.51361280e-04 9.03871063e-02 1.64447243e-02 1.74946070e-01 -2.71350720e-01 -9.53766188e-02 2.94068057e-02 8.11963167e-02 -2.20999260e-01 -8.55959923e-02 9.25416089e-02 4.38003952e-02
 -6.35582003e-02 -1.20641698e-01 1.35080155e-01 -1.08654198e-01 -1.61859489e-01 -2.67476688e-01 -1.08563539e-01 -1.07220392e-01 -9.13496646e-02 -3.14775573e-01 -1.07949678e-01 9.80395177e-02 1.15584898e-01 5.14672601e-02 -6.64390312e-02 -1.76397372e-01 -1.32587138e-02 -6.96596576e-02 3.44376329e-02 -5.32086847e-02 1.49987852e-01 -2.11523323e-02 -5.15703944e-02 1.69813726e-01 -2.68798338e-01 -6.34284878e-02 8.00427636e-02 2.56198996e-02 -1.53569831e-01 2.44058358e-02 1.15950206e-01 -1.04073476e-01 -1.93891975e-02 -1.47725089e-01 1.10912234e-01 1.06852825e-01 -1.45521292e-01 9.13194026e-02 -3.47808042e-01 3.32335998e-01 -6.71270390e-02 -9.11942472e-02 -1.13864730e-01 2.69046951e-01 -1.00594735e-02 5.36700718e-02 3.16277420e-02 1.18052279e-03 4.78656729e-02 -2.08609750e-01
 1.99729049e-01 -4.44088525e-01 1.89910530e-01 1.66043758e-03 4.36169027e-03 1.62327098e-01 8.91183294e-03 2.39729749e-02 -3.65917983e-02 -4.96067515e-02 -7.60054892e-02 4.22862522e-02 -2.90578117e-01 -3.73371019e-02 5.86258527e-03 -1.27216026e-01 1.13300931e-01 3.27773808e-03 -1.09814309e-01 -4.16497606e-02 1.58296821e-01 3.40377234e-02 -2.45058846e-01 3.36515862e-02 -1.58344369e-01 2.58613945e-02 8.14190535e-02 2.81565872e-02 -4.98284952e-02 6.11942265e-02 2.10777877e-01 -4.37865440e-02 -2.31088241e-01 2.37479046e-01 -2.54584341e-01 1.82731573e-01 1.94943755e-02 -6.66681001e-02 5.35732244e-02 -1.53123626e-02 1.39618663e-01 1.10546064e-01 -5.17551938e-02 -1.70967104e-01 1.65354811e-02 -8.75651700e-03 -6.88603613e-02 -9.09595961e-02 2.45193903e-01 1.83220343e-01
 3.33868891e-01 2.21092116e-02 4.65039036e-02 -8.44179657e-02 -1.76584802e-01 -4.76733567e-02 -9.65832350e-02 4.11933532e-01 1.81752257e-02 2.64142389e-01 5.33443920e-02 -1.09409864e-02 2.14933045e-01 -1.73966979e-01 1.77909525e-01 -1.55792140e-01 -3.52351623e-02 -8.70534553e-02 -2.69941598e-02 2.53042114e-02 -7.72472213e-02 5.33579145e-02 -2.02888931e-01 -1.08423454e-01 -7.19068616e-02 1.68518806e-01 9.67121487e-02 -6.14487383e-02 1.43732233e-01 1.76700357e-01 -7.55097977e-02 -6.56293152e-02 -2.89539644e-01 -7.24441055e-02 7.07820057e-02 -5.83130337e-02 1.68938025e-01 1.61159459e-01 6.13064285e-03 1.49011837e-01 -3.24438844e-02 -1.74361944e-02 -6.52309169e-02 -2.55216146e-02 1.09192869e-01 -5.74088711e-02 -1.00823504e-01 -2.19872171e-02 -1.96656440e-01 -1.87797567e-01
 -7.44812434e-02 -1.01282370e-02 -9.89907004e-02 -2.08973849e-01 -9.70172893e-02 1.85227067e-01 -1.77761257e-01 -1.80557319e-01 -4.81512922e-02 9.80048403e-02 6.03738470e-02 5.06183886e-02 -1.29247000e-01 8.23083727e-02 -3.89316163e-02 2.45692368e-01 -1.27083839e-01 -1.08690885e-01 1.53321602e-01 -1.68168704e-01 -1.63319775e-02 -1.81465801e-01 -1.93870134e-01 8.51033041e-03 1.94885661e-01 1.38013923e-01 6.48244899e-02 -1.30218043e-01 -1.27051588e-02 8.19355544e-02 1.09219392e-02 -7.56587250e-02 -1.47184115e-01 -4.44350033e-02 -9.41273427e-02 1.23855941e-01 1.66990000e-01 2.61675181e-02 1.89530057e-01 2.05082480e-01 -4.08726755e-01 -2.60906604e-02 -3.16069600e-02 4.30910675e-02 -2.16434335e-01 1.38381055e-01 8.27883859e-02 2.49096496e-01 1.58058945e-01 -5.56294152e-02
 1.39632961e-01 -1.65495554e-01 -3.19928444e-01 -6.27738683e-02 1.99057150e-01 -4.80862444e-02 -3.32829061e-01 1.02115604e-01 1.05525308e-01 1.38144924e-01 -1.27681944e-01 -9.81065576e-02 1.43327539e-01 1.13569608e-03 -9.61254993e-02 2.34860560e-02 1.52571319e-01 1.62179454e-01 7.73376428e-02 -6.05505524e-02 2.10113810e-01 8.52950030e-02 -7.59385543e-03 -2.06353943e-02 6.93487358e-02 1.80532454e-02 -1.08040910e-01 1.40163664e-01 -2.18353028e-01 -7.02876253e-02 5.38896103e-02 3.70807405e-01 1.41242344e-02 1.00490573e-01 2.09465138e-01 2.08489479e-01 -1.25428960e-01 -1.24558905e-01 1.41495676e-01 1.43621849e-01 -8.64915628e-02 1.39055182e-01 -1.52507573e-01 4.99843006e-02 8.05355233e-02 -1.27460865e-02 1.02887266e-01 -9.02094694e-03 -1.30975139e-01 -2.73095513e-03
 -1.66933318e-02 4.81098724e-02 -1.15741669e-01 -4.09814492e-02 -7.97888315e-02 -1.74060371e-01 1.57828397e-01 1.61935311e-01 7.48234145e-02 5.06640504e-02 1.03054212e-01 -1.12591926e-01 2.09202089e-01 1.36087105e-01 -5.89612529e-02 1.39409598e-01 -1.84982534e-01 1.12904655e-01 -9.64635416e-02 1.26732629e-02 -4.13932103e-02 1.55998159e-01 -1.69843526e-01 5.95969326e-02 1.45213995e-01 9.05997868e-02 -4.17052298e-01 9.75363236e-02 -7.65596664e-02 -5.30064673e-02 2.61172803e-02 -2.57948022e-01 3.80284075e-03 5.46802923e-02 -1.04464605e-01 2.67671610e-01 1.40395443e-01 8.74670008e-02 -1.65454126e-01 2.04517633e-02 6.72165381e-02 -1.28982181e-01 -2.34776933e-01 5.02002565e-02 -1.27229166e-01 -1.10176991e-01 6.59184411e-02 -1.45127885e-01 1.86584897e-01 2.57492864e-01
 -1.44953481e-01 2.33362711e-01 -1.66822215e-01 -1.52665981e-01 -8.15175905e-02 8.77059823e-02 -3.34108535e-02 1.18645768e-01 -2.13942836e-02 1.09588654e-01 2.08722530e-01 4.02685912e-01 3.51332756e-02 1.84604187e-01 7.91161678e-02 3.87761289e-02 -3.64471877e-02 -1.02174301e-01 -1.53650883e-01 -1.52988794e-01 1.48671832e-01 1.02591140e-01 -5.55716150e-02 7.47384819e-02 -1.54640432e-01 2.02561083e-01 1.25874712e-01 7.06241499e-02 5.11476844e-02 -9.57160833e-02 2.02539109e-01 1.03647062e-01 9.65725685e-03 -3.21342719e-02 -2.15001179e-01 1.27178687e-01 -1.77405580e-01 -7.31624746e-02 3.29637661e-02 -4.99647696e-02 9.30758796e-02 1.29851919e-01 2.81767868e-01 1.80282027e-01 -8.58030838e-02 -1.07670668e-01 3.95637706e-03 -2.25251801e-01 -1.48317115e-01 1.15807843e-02
 -8.35349642e-02 -4.08474337e-02 -1.53133555e-01 1.57221770e-01 -1.84628334e-01 -3.14550112e-01 1.63213280e-01 -1.45316220e-01 -1.94310506e-01 2.44395081e-01 9.78450537e-02 2.00065171e-01 8.06388991e-02 -1.92610350e-01 -2.52282369e-01 -2.23796822e-01 -1.36516314e-02 8.99657604e-02 1.94856456e-01 -1.25541235e-02 -1.02476899e-01 -5.56404522e-02 1.61933156e-04 1.30991175e-01 -4.98940924e-02 1.53322518e-01 -1.28001787e-01 2.46048128e-02 -7.08009084e-02 1.87163164e-01 9.48954104e-02 2.29587343e-01 -1.07362130e-01 -1.23818283e-04 -2.76101459e-02 -3.62987991e-02 -2.85084541e-02 1.29517545e-01 -8.79142272e-02 -1.65217793e-01 -9.08782190e-02 2.13360846e-01 7.34838233e-02 -2.58614999e-01 -5.88118939e-02 1.68569105e-01 5.13217517e-02 3.00841639e-02 8.56652137e-02 3.22271723e-02
 4.89609459e-02 -8.33229225e-02 4.12750735e-02 -9.42881513e-02 2.50604516e-01 2.04399426e-02 -1.20706567e-03 -1.75405507e-01 -3.82994160e-02 -1.06723994e-01 -3.54786141e-02 5.60347117e-02 6.82243060e-02 -3.94638477e-02 -7.27691021e-02 5.18844021e-02 4.14254630e-02 6.90241023e-02 1.81625643e-02 -6.20203294e-02 -3.67353507e-01 2.40134891e-01 -2.13005956e-01 1.13727508e-01 1.30727614e-01 1.70738858e-02 1.11535571e-02 1.25911734e-01 2.18520368e-01 -5.27856863e-02 -8.18054738e-02 7.55576657e-02 -1.12445270e-01 -1.85467840e-01 1.46254693e-01 2.18972529e-01 -9.11755088e-02 -6.04555146e-02 2.89980783e-02 -1.82180109e-01 -2.80630430e-02 -4.87390860e-02 6.07583910e-02 -5.56400073e-02 -1.00448606e-01 -8.25179318e-02 -2.19718673e-01 -2.58704391e-01 1.82766311e-01 -3.98637136e-01
 -5.53533152e-02 6.51851538e-02 -1.57146097e-01 7.48936833e-02 -1.09670631e-01 1.87078843e-01 3.05017244e-01 -1.21461646e-01 -1.27021313e-01 -1.61282286e-01 1.55233446e-01 -1.73801266e-01 9.95741623e-02 2.96310649e-01 -1.31759701e-02 -2.07571838e-01 -6.91915882e-02 -1.73300995e-01 -3.26898922e-02 1.20308667e-01 -2.97240437e-02 -2.05738866e-01 -3.45647840e-02 1.54713527e-03 -1.43738133e-02 3.23552146e-02 1.33086397e-01 1.09682507e-01 2.97447595e-02 -1.00771134e-01 4.05679213e-02 2.76717055e-01 -1.37682418e-01 -7.91632908e-02 -1.67321549e-02 2.46650875e-01 7.63199333e-02 -9.46553100e-02 5.74242682e-02 7.01216077e-02 6.84499728e-02 -6.91211180e-02 -3.21246312e-01 -2.11655295e-01 1.36785083e-01 -1.44296509e-01 -4.29498500e-02 1.09218585e-01 -1.69795393e-01 -7.86278896e-02
 -5.73351757e-02 8.82885327e-02 1.37949424e-01 1.82884852e-02 1.24147219e-01 -1.62374450e-01 2.47174998e-01 4.37558457e-02 7.24409828e-03 -3.87233076e-02 -3.40964568e-01 -5.75075125e-02 2.08683877e-01 -4.18435563e-03 2.20291491e-01 -9.17174277e-02 -1.38656005e-02 7.86872191e-02 -1.23212594e-01 -1.64956404e-01 6.44704195e-02 -3.31446151e-01 -3.31081734e-01 -2.12232229e-01 3.24017330e-02 -9.06430494e-02 -4.19436905e-02 3.73276370e-02 9.71073314e-02 -1.27466108e-01 2.51295728e-01 1.99355576e-02 -1.42803745e-02 -1.46390035e-02 9.48306358e-02 3.75987466e-02 -1.08803206e-02 -1.00911870e-01 7.79137816e-02 -8.25503622e-02 -2.17505851e-01 -3.13055317e-03 1.51192043e-01 -3.24526438e-02 -1.48848875e-01 2.40980854e-01 3.12471567e-02 -8.00372721e-02 -1.39419064e-01 1.08456487e-01
 1.52009879e-01 -2.08506973e-02 -2.84929465e-02 -5.88747107e-02 9.12946861e-02 1.68595564e-01 2.34099257e-01 -1.92483590e-02 4.45864776e-02 4.06803675e-02 -9.55095353e-02 -6.47867334e-02 2.33653300e-01 5.56182384e-02 -1.23345851e-01 4.62187427e-02 2.76241789e-02 1.10625534e-01 7.06608424e-02 -1.51969193e-02 -1.33810464e-01 1.03960367e-01 6.29202091e-02 2.89023920e-01 6.94955806e-02 -2.58872128e-02 1.06147457e-01 -1.07426579e-01 5.87144684e-02 1.88811405e-01 3.10121240e-01 1.18322487e-02 -3.96576712e-02 -4.80057000e-02 -2.14712770e-01 -3.39794937e-01 1.48214956e-01 -3.38924976e-01 -3.26589023e-02 9.74895146e-02 2.60400025e-02 5.82299619e-02 -1.27936873e-01 2.17165417e-01 7.47439364e-02 1.26888363e-01 2.55575277e-01 -1.32925343e-01 -8.92741106e-03 -6.99720838e-02
 -8.16128297e-02 5.48407502e-02 -1.81522293e-02 1.14440027e-01 4.05784760e-02 1.32488631e-01 1.78726856e-01 2.05406602e-02 -2.46720008e-01 -5.89807045e-02 -5.39064311e-02 1.41642448e-01 1.32002505e-01 -1.78455641e-01 -8.81162314e-02 -3.98339872e-03 3.32396230e-01 -5.55107462e-02 5.67772045e-02 -3.58648726e-01 1.46669003e-01 3.73355467e-01 -1.22939074e-01 -6.49780846e-02 1.27718232e-01 4.13092598e-02 1.10744391e-01 -2.54158855e-01 9.21983710e-02 -7.16403083e-02 9.80215001e-03 5.26584594e-02 2.13403909e-01 7.26084913e-03 3.50700439e-02 -3.75259978e-02 2.48080081e-02 1.62110026e-01 -1.70747086e-02 1.37718800e-01 1.42737356e-02 -1.50543337e-01 -2.17878506e-01 -6.83749847e-02 -8.04757729e-02 -4.65609368e-02 -1.33981404e-01 1.15597728e-01 -6.20794595e-02 1.75260272e-01
 -1.11863273e-01 -3.15323375e-02 8.47671009e-02 -1.86730298e-01 1.20555559e-01 -5.00152585e-02 1.25130448e-01 4.77512394e-02 -7.16003469e-02 -9.23172050e-02 -6.65732278e-02 1.23836588e-01 -9.20238487e-02 -2.62033988e-01 -1.01074621e-01 -1.07650846e-03 -1.65704595e-01 -3.40535760e-01 -1.35787939e-01 1.72951068e-03 -1.03067571e-01 -6.98026037e-02 2.97749865e-02 3.32252549e-02 -4.07456820e-02 1.59421361e-01 -1.81649937e-01 1.75239227e-01 -2.81992206e-02 -1.76137498e-02 -2.36173296e-01 1.16073166e-01 1.57410600e-01 3.28803743e-01 -7.37921185e-02 -1.89670627e-01 3.14344008e-02 -1.59507833e-01 5.63020445e-02 2.69973302e-01 -2.24498467e-01 4.70598060e-02 -1.54705234e-01 -6.01937499e-02 8.39080177e-03 -5.59708231e-02 -4.92129858e-02 -2.73569456e-01 -1.01388506e-01 -2.24069818e-02
 -2.55553946e-01 -2.99695197e-01 -1.78604039e-01 -1.72160436e-01 -1.24113162e-01 9.99524559e-02 -1.72777512e-01 -6.31015326e-02 -1.56155697e-01 2.73755872e-02 5.86121790e-02 -6.94633657e-02 2.64768698e-01 -1.04620850e-01 -2.31223888e-02 -1.01068603e-01 -2.61980054e-01 1.49137940e-01 -9.35708214e-02 -2.31756875e-01 -1.02898763e-01 1.67523508e-02 7.20394866e-02 -1.96478560e-01 -3.98238720e-02 -3.54378565e-01 1.51203256e-01 8.40394194e-02 -1.13625035e-02 2.15623167e-01 -1.19603421e-01 -1.34547273e-01 9.29693650e-04 5.69542365e-02 -7.90078738e-02 -2.72634976e-02 -3.31965485e-02 -1.07310038e-01 6.16076510e-02 -3.10829319e-02 1.87066476e-01 -7.63638697e-02 -8.08455987e-03 -1.02281165e-01 -1.93810819e-01 1.20661699e-02 -1.32182792e-02 -6.89160811e-02 -1.73453872e-01 5.57272947e-02
 -7.98753167e-02 2.23175257e-01 -1.39389487e-01 7.19449107e-02 1.93718312e-01 5.79796291e-02 -1.77792380e-01 -1.93069657e-01 -2.00655649e-01 -6.13520507e-02 -7.12677768e-02 -5.11655259e-02 2.27679170e-01 -1.07252508e-01 7.04040102e-02 -1.18800395e-01 5.35816836e-02 7.88917993e-02 -9.69003465e-02 1.39758655e-01 -3.30991822e-02 -8.07149135e-03 -8.96744493e-02 1.28336367e-03 -5.70408345e-02 8.38417332e-02 -2.92172935e-01 -8.85004354e-02 4.79525697e-02 6.49578083e-03 1.01200252e-01 -1.59388429e-01 -2.27849586e-01 3.18542002e-01 -2.64367828e-01 -8.52900915e-02 -2.49658188e-01 -1.32944127e-02 8.12370113e-02 9.77457221e-02 4.47625833e-02 -1.13876147e-01 1.04028800e-01 5.31708532e-02 1.55950950e-01 -1.09298123e-01 -1.00460860e-01 2.82911545e-01 5.71078505e-02 -1.38274550e-01
 3.04204123e-02 5.54532258e-03 -3.81819600e-02 9.04699478e-02 1.94738116e-01 4.33147474e-02 -1.70679911e-01 -6.66455848e-02 -1.13383844e-01 -1.06644463e-01 4.95682202e-02 1.99804914e-01 3.68707996e-02 -8.36469085e-02 1.74768826e-01 -5.26989083e-02 -5.88410645e-02 1.97849670e-01 1.96011510e-01 8.88526236e-02 -3.63708645e-02 -2.76805262e-01 -5.76336592e-02 -1.36359197e-01 -1.11993743e-01 1.52693580e-01 -1.02785048e-01 -2.52229748e-01 -2.14169219e-01 -1.10332322e-01 -6.67823024e-02 3.76578358e-02 -9.58674157e-03 -3.87410167e-01 -6.18172469e-02 -1.56482177e-01 1.34479041e-01 -1.10522438e-01 4.88412962e-02 1.07237973e-01 1.64922062e-01 8.11998591e-02 -1.74304793e-01 9.33793716e-03 -1.42515940e-01 -1.74846918e-01 -1.15597537e-01 -2.48484579e-01 8.32294877e-02 1.58583928e-01
 9.93458919e-02 8.63085099e-02 -2.98101223e-01 -2.43784302e-01 -1.38558388e-02 1.25798793e-01 1.17952866e-01 8.55365008e-02 -2.78835914e-02 3.48479668e-02 -2.09096182e-01 -1.93680399e-02 1.00371667e-01 6.95066001e-02 1.68802465e-02 -6.59796587e-02 3.09440754e-01 -2.14631973e-01 -1.80767161e-01 3.11720709e-02 -1.80159534e-01 -1.09755186e-01 2.42608800e-01 -5.69677356e-02 -9.08774377e-02 5.97738940e-02 5.08481085e-02 -2.87656887e-01 -3.63243746e-01 2.62252505e-02 -9.23120598e-02 -1.20058548e-01 -2.56257462e-02 9.12051698e-02 1.11574242e-01 1.42194280e-01 1.57328273e-02 -4.69336722e-02 -1.43866485e-01 -1.08739267e-01 1.10205065e-02 -2.45439067e-02 8.73629876e-02 -9.49721219e-02 -1.25943670e-01 1.71096691e-01 -8.46163455e-02 -1.01209686e-01 1.95293614e-01 -4.50282652e-02
 -1.20135047e-01 -4.55779985e-02 1.74496857e-01 -7.30055141e-03 1.05010876e-01 -1.19813824e-01 1.43794943e-01 2.14269685e-01 -4.25646880e-02 1.35353969e-01 -2.29180852e-01 -8.30191239e-03 1.14602915e-01 1.12954057e-01 5.43265260e-03 -3.64370731e-03 -1.98074783e-01 7.51301905e-02 2.54495793e-01 8.33421593e-02 -9.85419717e-02 -2.69134748e-02 6.75064476e-02 2.21457588e-01 1.60386446e-01 1.23933338e-01 3.48613880e-01 5.29466121e-02 -2.95217187e-01 1.06271673e-02 -5.39634686e-02 -4.66910158e-02 2.93131149e-02 8.42300902e-02 -1.21377698e-01 7.46963797e-02 -1.83855780e-01 7.31544630e-02 2.20300490e-01 -1.21956419e-02 3.35665115e-02 -6.28297765e-03 -1.18645897e-02 1.51296097e-01 1.11293711e-02 -5.12202462e-02 -3.91762456e-01 1.27953313e-01 -5.84999477e-03 1.04983277e-01
 6.80205006e-02 -5.56060412e-02 -6.59332667e-02 -1.62376765e-01 1.72825069e-01 -7.62766735e-02 5.08178804e-02 1.27857007e-01 -2.10379072e-01 1.17499274e-01 6.37529855e-02 -1.06317977e-01 1.08921620e-02 1.03658875e-01 3.57480654e-03 -3.45960066e-02 -2.31194333e-01 -1.64664192e-01 -4.26956650e-02 3.04842631e-03 3.45154512e-01 3.83495839e-02 2.02759110e-01 -6.82318003e-03 6.50486009e-02 -1.35431023e-01 -1.45369640e-01 1.70805161e-02 8.35410165e-02 2.66880338e-02 2.48126974e-01 1.50876731e-01 6.54768904e-02 -1.94046494e-01 4.85482021e-02 -1.76018257e-01 5.52764738e-02 8.85421313e-02 1.38993920e-01 1.69885968e-01 8.10989379e-02 -2.04728298e-01 1.80575788e-01 -1.69054478e-01 1.50859912e-02 7.78792249e-02 -2.18668041e-01 -4.54981298e-02 3.61024086e-01 -1.03521925e-01
 2.13687371e-01 7.60016026e-02 6.58204101e-02 -1.36461944e-01 -2.96959250e-01 -8.62605588e-02 -3.26657051e-02 -1.03948614e-01 -1.87135240e-01 -3.22827825e-01 1.29671472e-03 -1.16083025e-01 8.93027070e-02 -6.06508324e-02 -1.39325825e-01 9.64245132e-03 8.68753695e-02 -6.49437797e-02 -5.18462128e-02 7.61620157e-02 -6.79380536e-03 1.42460298e-01 1.37231584e-02 -1.36818332e-01 2.56268485e-01 -7.04390627e-02 -1.08018629e-01 1.54692550e-03 -1.27890904e-01 1.03675431e-01 1.26587835e-02 -6.37897707e-02 6.44034014e-02 -2.44881620e-01 -1.60596200e-01 1.05799129e-01 2.00886399e-02 -7.91076770e-02 2.12055447e-01 1.92702005e-02 -1.31694185e-01 3.06494334e-01 2.32906382e-01 4.52260402e-02 2.48397613e-01 -1.87213882e-02 -1.63543864e-01 -7.06729844e-02 -1.06837964e-01 1.87655114e-01
 2.24076915e-02 1.18501419e-01 7.86548778e-02 -6.46231176e-02 8.49647980e-02 4.85128867e-02 -7.75961634e-02 5.22672016e-02 1.36259582e-01 1.49141275e-01 7.62446791e-03 1.47178786e-03 1.00017734e-01 -2.89063800e-01 -2.55465092e-01 -1.42045969e-01 7.94687138e-02 -1.42761972e-01 -1.83089149e-01 -8.20892521e-02 1.75239536e-01 -2.57451662e-01 -3.97179771e-02 3.85190235e-01 -7.93337645e-02 -1.04351363e-01 -4.51833804e-02 1.04715376e-02 2.23606874e-02 -2.71011729e-02 -4.86664988e-02 -2.57206851e-01 1.78127962e-01 -3.00448542e-01 -6.87264196e-02 1.33300083e-01 -7.33843216e-02 -3.54299888e-02 2.68615080e-01 -1.95325120e-01 4.69657317e-02 1.27029600e-02 -1.82188697e-01 -9.48831220e-02 3.99198402e-03 -7.97103083e-02 8.39492511e-02 1.11808487e-01 1.03428538e-02 -4.33835681e-02
 -1.67946416e-02 -1.55690804e-01 -2.14743452e-02 9.90283372e-02 7.01615931e-02 -2.61268530e-01 2.33775474e-02 -2.48659689e-01 1.85364888e-02 1.41997207e-01 2.80714131e-01 -1.13826920e-01 4.37067845e-02 8.18820250e-02 3.13026870e-01 1.08658248e-01 3.11985783e-02 -8.30356187e-02 -2.80055926e-01 6.36778848e-02 -1.16879386e-01 1.03146570e-01 -3.62644236e-02 -1.09432621e-02 -2.43709070e-02 3.51279870e-02 1.20505162e-01 -1.78996434e-01 -6.02029313e-02 -3.14342018e-02 1.67348484e-01 -1.56086567e-01 2.46482442e-01 4.92431202e-02 3.07804886e-02 -3.56509481e-02 -1.32335199e-01 1.38571766e-01 2.17701652e-01 9.80048827e-02 2.98395746e-04 3.15741958e-01 -2.53351245e-01 -4.09295474e-02 -3.06545928e-03 1.58584662e-01 -3.24188763e-02 -6.28997398e-02 -1.13961035e-02 -1.50187673e-01
 4.76145329e-02 -1.37390598e-01 1.92433329e-01 1.12694145e-01 -1.31367268e-01 1.71356789e-02 8.42767938e-02 6.96754636e-03 -1.19998772e-01 1.75707450e-01 -5.98500030e-02 -3.64229371e-03 1.27488891e-01 -5.33776649e-02 -9.11665607e-02 4.89252689e-01 1.20661165e-01 -6.71019700e-03 6.98645966e-02 9.51815242e-02 1.86068459e-01 -2.90108860e-01 1.01310149e-01 -8.12246447e-02 1.67662008e-01 -3.07169315e-02 -7.46270613e-02 -1.52796676e-01 6.59718796e-02 4.49429532e-02 -8.27732108e-03 1.87123596e-02 -5.74513020e-03 2.39881145e-02 -1.73531574e-01 1.60662891e-01 -2.49102155e-01 -3.17476909e-02 -2.05318498e-01 1.18152830e-01 1.29127865e-01 -2.68082541e-03 3.15768487e-02 -1.55664456e-01 -7.99076987e-02 -1.23900977e-01 -5.91578402e-04 -1.57609587e-01 -1.59876583e-01 -2.64696940e-01
 6.71114234e-03 -2.53562972e-02 2.95408007e-02 -9.23680468e-02 -2.77615254e-02 1.57061884e-01 -8.00958587e-02 -2.79091335e-01 3.29531863e-02 4.57242066e-02 -1.81065273e-01 1.20440483e-02 -1.59024678e-02 -4.26578408e-02 -1.84123586e-01 -2.37282498e-02 -1.12591293e-01 1.91046256e-01 -3.40196916e-01 -9.02168243e-02 3.85992811e-02 -1.96983736e-01 1.72775129e-02 -3.60336978e-02 2.08429636e-01 2.68588903e-01 6.18506044e-02 4.98881545e-02 -1.08887362e-01 8.21502885e-03 1.63467685e-01 8.76000784e-02 9.30016249e-02 6.31082591e-02 6.11021886e-02 -8.33679498e-02 2.56612705e-01 4.39416294e-01 -7.99526444e-02 -1.09952159e-01 1.51113574e-01 -5.79684007e-02 -7.52446251e-03 1.42702279e-01 1.81444582e-01 -6.05310192e-02 -7.83588421e-02 -1.24680250e-01 -9.93244773e-02 -9.42114042e-02
 -1.53917544e-01 -2.06904490e-01 -1.60967639e-01 6.44806066e-03 -1.79468012e-01 -8.48617165e-02 1.08820523e-01 1.86239853e-01 -2.02693261e-01 -6.64905652e-02 1.64288804e-01 2.44819722e-02 -1.53551533e-01 4.63588489e-02 1.51050961e-01 2.60759258e-02 2.14379107e-01 2.90987696e-01 -1.71010411e-01 -6.34566295e-03 3.46233523e-02 -1.74444333e-01 -2.14602249e-01 3.00346745e-01 1.40861072e-01 6.90530182e-02 -1.76034160e-02 -6.48959762e-02 -8.30529090e-02 1.26023347e-01 -9.50819310e-02 -6.11537580e-02 1.21477017e-01 2.80241860e-02 2.43356063e-01 -1.33258573e-01 2.60901195e-02 -2.10499566e-01 9.67219113e-02 1.93883140e-02 -7.69920969e-02 -2.12680109e-01 1.80223252e-01 2.65491148e-05 1.88244685e-01 -1.84513926e-01 1.89125060e-02 -6.57846972e-03 1.40080256e-02 -7.63346605e-02
 3.31017965e-02 1.05236278e-02 -3.21036425e-02 -1.86573083e-02 -1.57182313e-01 7.83913194e-02 -4.54255554e-02 1.28603867e-01 2.29124541e-01 1.56084613e-02 -1.43233453e-01 -1.89294996e-01 -1.84299238e-01 1.59687557e-01 -7.33773014e-02 -2.02032953e-01 1.29512131e-02 1.11292174e-01 -1.68155549e-02 -2.24855411e-01 -3.85842094e-01 -1.15157872e-01 3.68262541e-02 4.71916779e-02 -3.20447353e-02 -2.11493881e-02 -1.43898368e-01 -1.48586895e-01 1.78360649e-01 4.37045862e-02 1.43777626e-01 1.12248249e-01 2.01622689e-01 -7.57831467e-02 -8.19322519e-02 -4.97603341e-02 -3.10024242e-01 1.61931149e-01 -6.38047119e-03 3.15492897e-01 -3.56802288e-02 9.02692803e-02 7.41293335e-02 -1.24607688e-01 -1.09517820e-01 -2.52318822e-01 -4.64724350e-02 -4.22769186e-03 3.67980729e-02 7.55190516e-02
 -3.10325595e-01 2.35953286e-02 -2.57392930e-02 -6.51835520e-02 -1.82442594e-01 1.59080005e-01 -2.52111958e-01 4.19803276e-02 1.03605853e-01 2.63867166e-02 -3.14126293e-02 -1.59348961e-01 9.48052170e-02 -1.48975576e-01 1.17352248e-01 2.15190927e-01 -3.09536774e-02 -1.81069504e-01 1.02976875e-01 -5.74744027e-03 -4.24346925e-02 -4.09970772e-02 -1.34691203e-01 7.59110360e-02 -2.21491566e-02 1.13593579e-01 6.77117864e-03 3.71769798e-02 8.66036455e-02 7.11042592e-03 2.26058693e-01 4.00939831e-02 3.91108451e-02 -6.53161373e-02 1.47262157e-01 -1.07030895e-01 -1.14329213e-01 -1.73027909e-01 -2.90439505e-01 -1.58636311e-01 1.52108527e-03 6.87099812e-02 -1.50713234e-01 -1.24894055e-01 3.18924294e-01 1.31707113e-01 -2.93901320e-01 -3.56147312e-02 1.44317312e-01 1.90677139e-01
 -5.38664498e-02 4.75435999e-02 -4.85634042e-04 -1.14764985e-01 -2.50148312e-02 -1.27094148e-01 1.25550618e-01 1.49337227e-01 1.48639649e-01 -2.18530580e-01 1.71847473e-01 7.27171491e-02 1.29966078e-01 -2.53051935e-01 -6.87219240e-02 2.62564707e-01 4.52127748e-03 1.69826029e-01 3.02887905e-02 -3.68027203e-02 -1.28170111e-01 -1.57175368e-01 8.73272881e-02 -1.16253758e-01 -3.18217685e-01 -1.76590757e-01 7.43597975e-02 -1.90798243e-01 1.03057151e-01 5.72759572e-02 1.20778692e-01 2.63027146e-01 6.05226381e-02 1.82241144e-01 -4.22472854e-02 2.25438390e-01 1.77965398e-01 1.04656014e-01 2.09102846e-01 -2.87214268e-02 -4.68062259e-03 -3.07531375e-02 -2.34468255e-02 1.66873127e-01 1.75996513e-01 -6.04640520e-02 -5.59387372e-02 6.43518781e-02 2.28859639e-01 -4.25442354e-02
 6.43996427e-02 1.67840689e-02 -9.06160120e-02 1.43830663e-01 -8.16282717e-02 4.40197783e-02 1.45955425e-01 -2.38309640e-02 2.79224140e-01 -9.56923757e-02 1.60121224e-01 5.55098834e-02 -2.66345278e-02 1.31945409e-01 -1.94140492e-01 4.63195054e-02 5.34454510e-02 -9.67148551e-02 2.65968723e-01 -3.17274011e-01 7.14693271e-02 -6.35986115e-02 -7.68058739e-02 -1.96770478e-01 -5.78627775e-02 -4.42994240e-02 -1.33998089e-01 9.07366214e-02 -2.65293483e-01 2.48656527e-02 8.16703889e-02 -2.45775932e-01 -1.70039487e-01 7.20188998e-02 7.51275186e-02 -2.57789437e-01 -1.86109796e-01 6.87169354e-02 2.35306579e-01 -9.54724913e-02 -1.55442899e-02 -1.39549245e-01 -7.13985978e-02 -4.86390922e-03 1.36755850e-01 1.88642301e-02 -1.44230846e-01 -2.15657443e-01 -4.81372341e-02 -1.78549582e-01
 6.37298721e-02 9.29505268e-02 -2.32503350e-01 5.10744268e-02 1.89400756e-01 -1.20211611e-01 6.84366434e-02 8.31790099e-02 3.15944456e-01 -2.48705654e-01 1.37617499e-01 1.17172052e-02 8.55417177e-03 -1.45391626e-01 -2.31776964e-01 1.39410724e-01 -8.52093738e-02 7.84918233e-02 -2.34692436e-01 7.04103374e-02 7.73591980e-02 -3.23300033e-02 -2.12901881e-01 -2.11229044e-02 1.47117355e-01 2.20802478e-02 3.12678762e-01 6.45410744e-02 -9.60391189e-02 7.08951616e-03 -5.47253936e-02 -1.40282880e-02 -9.41457827e-02 -5.96662941e-02 -5.47647053e-02 -1.52079138e-01 -5.03150791e-02 -4.62664009e-02 -2.26553982e-01 2.34608385e-01 1.08318077e-01 1.28274154e-01 1.48936075e-01 -2.38420019e-01 -1.32774916e-01 5.58456010e-02 -1.15623743e-01 1.97217238e-01 2.86430688e-02 1.26047724e-02
 2.03763002e-01 -6.57816596e-03 1.81631227e-02 8.47127617e-02 8.30516192e-02 2.25418690e-01 4.19705439e-02 4.31194290e-02 2.73680659e-02 6.18385041e-03 2.75678001e-01 1.68001715e-02 -8.29723620e-02 -1.45060913e-01 -3.72377113e-02 -2.45539810e-01 -3.52598379e-01 2.09209361e-01 -7.18844890e-03 4.09898014e-02 8.76598518e-02 3.95964671e-02 5.87308698e-02 -4.73146584e-02 7.54984055e-02 2.93640455e-02 3.06586481e-03 -2.95113549e-01 -4.88534034e-02 -2.48399863e-02 5.30085637e-02 -3.76026618e-02 2.06507038e-01 6.15134654e-02 -2.85200707e-02 2.26358008e-01 -2.05420621e-01 -1.38116416e-01 -2.17247426e-01 -9.21525373e-02 -3.41630781e-01 -1.61436216e-01 -1.36267128e-02 3.18263726e-02 1.03050992e-01 1.87276211e-01 -1.14713323e-01 -8.12313821e-02 -9.87055034e-02 -5.16101684e-02
 1.26880159e-02 -5.75217709e-02 7.13590206e-03 1.28883131e-01 1.81607451e-02 3.84963784e-02 -2.41393368e-01 1.06003476e-01 -3.58281919e-02 -1.99320568e-01 5.56146087e-02 -2.02076284e-01 2.39944349e-01 3.08166229e-01 -1.34248870e-01 4.89228543e-02 1.47739958e-01 1.26601030e-01 2.30741364e-02 3.74023180e-02 1.08719658e-01 -5.24024642e-02 -2.51825106e-02 1.95621501e-01 -2.52523800e-01 1.56889199e-01 3.87414610e-02 1.41649761e-02 1.64248501e-01 -4.24843467e-02 -2.40445650e-01 3.57048476e-02 1.39687745e-01 7.53848752e-02 -2.57895108e-01 -9.93310959e-02 1.36216423e-01 1.87903422e-01 4.75955046e-02 -7.77966530e-02 -1.96474973e-01 -4.60136737e-02 6.94262512e-02 -1.56227576e-01 -8.12404737e-02 2.87538091e-01 -1.21301855e-01 -1.96841692e-01 -5.45399614e-02 5.55065087e-03
 -6.16965397e-02 -2.46172684e-01 1.11870291e-01 -3.33416117e-01 4.23944899e-03 8.99457867e-03 4.45205605e-02 5.21839339e-02 -4.40548368e-02 6.73459524e-02 1.80551459e-01 9.29882884e-02 7.78041535e-02 1.29310632e-01 -3.59902861e-01 -6.66439942e-02 5.67832995e-02 7.06227945e-02 3.46649777e-02 1.62711165e-01 -5.69387295e-02 -6.41776763e-02 2.45302385e-02 -4.09419596e-02 7.68603370e-03 1.22340176e-02 -8.90466488e-02 -1.93483432e-01 2.04023379e-01 -4.90599323e-01 6.16995754e-02 -1.56760776e-01 -1.56326520e-01 8.56612731e-02 2.44765873e-01 -1.34363174e-01 -7.94986995e-03 -3.42533358e-02 1.32027588e-02 2.26550512e-02 5.50144636e-02 1.62767361e-01 3.25607828e-02 5.34202003e-02 -7.20284965e-03 4.83476601e-02 -9.40698085e-02 1.28455521e-01 -1.30929334e-01 1.04233276e-01
 -8.46146919e-02 6.99871031e-02 6.67467197e-02 -1.87963444e-01 -2.17775257e-01 1.38892754e-01 1.36503990e-01 -1.25227974e-01 2.18027243e-01 1.47052696e-01 1.94406591e-01 -1.52634629e-01 -3.07839687e-04 -1.58082224e-01 1.33395077e-01 -2.22570197e-01 3.00399772e-01 1.20178628e-01 5.65178469e-02 1.90895482e-01 1.73112070e-01 -2.87545622e-02 -1.12956935e-01 -1.85888433e-02 1.15871042e-01 -1.25604799e-01 -8.78098087e-02 1.68943847e-01 -3.43133328e-02 -5.37382030e-04 -1.13808036e-01 2.00599781e-01 5.07870522e-02 4.30314018e-02 -1.38286420e-01 -9.13261495e-02 -1.24859805e-02 3.31119657e-03 -2.57782608e-02 6.00095525e-02 3.34149607e-02 1.50860632e-02 -5.38551146e-02 2.81471835e-01 -3.04613926e-01 1.05123016e-01 -2.65740225e-01 -3.18369305e-02 1.06936911e-01 -9.90049010e-02
 -1.27587231e-01 -1.10789680e-01 -1.41343362e-01 2.14783134e-01 1.30931381e-01 1.95349955e-01 3.29031580e-02 1.97293097e-01 -4.71744161e-02 -2.13077355e-01 5.56037846e-04 2.09267836e-02 -2.85256466e-02 -4.85909124e-02 -8.10995891e-02 -2.91300476e-02 5.23731379e-02 -7.82931188e-02 3.61816688e-02 2.30807047e-01 5.66117355e-02 -6.76405051e-02 1.49422020e-01 -6.27768111e-02 1.19559872e-02 1.48615308e-01 -9.61740680e-02 1.37483714e-01 1.96651851e-01 3.92145219e-01 2.66229591e-01 -2.10561642e-01 5.88748854e-02 5.26506632e-03 2.47472445e-01 1.01502948e-01 5.85082999e-02 6.48830418e-02 5.60051547e-02 -3.13941348e-02 -5.45946516e-02 2.11456281e-01 -3.33346972e-02 1.88886775e-01 -3.04861195e-01 -5.35521919e-02 -1.32697632e-01 2.67311669e-02 -9.75975597e-02 -2.96267399e-02
 2.65571444e-01 -1.03399710e-01 -2.47989690e-01 1.62140107e-01 -1.90259213e-01 3.90732234e-02 -9.88107547e-02 1.12497788e-01 -1.48537123e-01 -1.43628482e-02 -1.16464249e-01 9.15216131e-02 -4.86423247e-02 -5.68188605e-02 -2.76406679e-02 6.30121759e-02 -1.23712399e-01 -2.00439675e-01 1.22317450e-01 1.16378841e-01 -1.82971856e-01 -3.77069322e-02 -2.89121785e-01 5.33966495e-02 -2.67073826e-02 -2.24218207e-01 -5.34053341e-02 7.52220718e-02 -1.06413967e-01 -3.00900339e-01 1.65199792e-01 2.61809584e-02 3.59493227e-01 1.01634577e-01 -1.10340650e-01 -8.28987817e-02 1.56588552e-01 -2.20440800e-03 -4.06517207e-02 -1.24837997e-01 1.22038868e-01 -2.35801633e-02 5.96946393e-02 9.89098771e-02 -1.30131469e-01 2.12627225e-02 -7.68447291e-02 1.57501777e-01 -6.48429664e-02 -2.00417367e-01
