 -1.34829436e-01 -8.37908669e-02 2.72848586e-02 1.84035550e-02 -2.11632131e-01 -4.03944770e-01 2.14831834e-02 -8.45379604e-03 1.03521972e-01 -2.43873652e-01 -4.22128515e-02 -1.89984090e-01 1.27291488e-01 -5.23235062e-02 -8.60424252e-02 -1.64553537e-01 -2.11712674e-01 -8.24386326e-03 -5.38429651e-02 -8.41666364e-02 1.41147575e-01 -5.32249150e-02 -2.13626582e-03 1.33957022e-01 -1.50147929e-02 -1.50338404e-02 -2.54401888e-03 -2.43478268e-01 -1.38369609e-01 2.65310956e-02 -4.09690389e-02 6.79887144e-02 -1.51805141e-01 -1.01647689e-01 -6.84207865e-02 -6.79464899e-02 -1.12916961e-01 -2.28532486e-01 -1.64819076e-01 2.38954648e-01 2.26510793e-02 1.45155971e-01 1.45095184e-01 -8.74199946e-03 3.76898976e-01 5.65433855e-02 1.49746425e-01 -9.13198787e-02 -7.40787089e-03 1.07560142e-01
 1.74443891e-01 -7.31765622e-02 -7.44215776e-02 -2.51021716e-02 5.30699455e-03 6.58810403e-03 -3.91536020e-02 -9.04838136e-03 3.35863923e-02 1.95337329e-01 -2.01845329e-01 2.75373614e-01 -2.37589858e-01 -1.30819979e-01 1.26442676e-01 4.81864513e-02 1.36460541e-01 5.73275428e-03 -4.12138093e-02 1.43398499e-02 7.27656705e-02 -1.23876044e-02 9.79700835e-02 -4.48190472e-02 -1.10650049e-01 1.49941271e-01 -1.15174318e-01 -1.17321008e-01 -3.36066643e-01 1.25807886e-01 2.64923878e-01 -5.03384649e-03 -1.72020105e-01 -1.61575667e-01 -2.42214304e-01 1.16286528e-02 -1.03252307e-01 6.79165652e-02 -1.28979754e-01 -9.64253758e-03 -1.88055103e-02 2.23368578e-01 -2.97727441e-01 9.96141635e-02 1.92611084e-02 2.64243936e-01 1.73390559e-01 8.05221037e-02 3.49360940e-02 8.36862475e-02
 -8.14910492e-03 -4.59129571e-02 -3.28450378e-02 -5.94336113e-02 9.87412614e-02 -4.94402389e-02 -7.65095627e-02 -4.78783798e-02 1.87296230e-01 3.83813758e-02 -5.93249641e-02 -1.09570884e-01 1.13961159e-01 -3.21304143e-01 1.56702994e-01 6.61791318e-02 -1.12902085e-01 3.88793238e-01 1.46653467e-02 5.03660421e-02 7.88969083e-02 -2.10944708e-01 1.09530611e-01 -1.22784142e-01 -9.76459863e-02 -1.86352631e-01 5.71954623e-03 -1.87440150e-01 1.50057982e-01 -8.07799468e-02 2.10049596e-01 6.18155705e-02 -3.18470572e-02 -1.90972036e-02 9.81723534e-02 7.37687561e-02 -1.23571763e-01 6.16934221e-02 -1.32618466e-01 -1.30200584e-01 -1.00239504e-01 7.75595778e-02 1.75742219e-01 1.55226555e-02 -3.38865110e-01 -2.33274012e-01 2.08859829e-01 -1.35990772e-01 1.49216101e-01 -6.22699277e-02
 -2.71969597e-01 -5.48172388e-02 -9.00028529e-02 3.09551836e-01 -1.34999024e-01 1.23108330e-01 1.20781161e-01 3.17087538e-02 -1.88332867e-01 7.32071155e-02 -1.09155826e-01 -1.63865625e-02 7.66250992e-02 1.09507567e-01 5.96604149e-03 -5.90263218e-02 3.61810987e-01 2.15278455e-02 2.16921442e-02 -1.46913483e-01 1.91291140e-01 -8.78800011e-02 7.84030661e-03 -2.14159704e-02 1.52386733e-02 2.62454821e-02 2.85925919e-01 1.90179777e-01 -3.98439476e-03 8.61072183e-02 2.38367934e-01 2.64147524e-01 -9.96094015e-02 -1.33199607e-01 1.35837538e-01 -1.15046507e-01 1.14115817e-02 -1.32285135e-01 -7.89445938e-02 -1.95022161e-01 -2.44783795e-01 -2.88999935e-02 8.21296204e-02 1.04331550e-02 6.72682029e-02 -1.39800306e-01 7.14848045e-02 5.59198843e-02 -1.97177696e-02 1.51850212e-01
 -9.84593530e-02 -1.06907834e-03 -1.00964376e-01 -4.50287962e-02 -1.21943628e-01 -1.00497403e-01 4.24860145e-02 1.47018477e-01 -2.05955650e-01 -1.38538687e-01 -2.28257334e-01 1.00945946e-01 -1.70540157e-01 3.71468919e-02 -5.19171637e-02 -2.47018256e-03 -1.47434696e-01 -2.37212153e-01 2.92106970e-01 1.90277746e-01 -5.28389161e-03 -1.08005893e-01 -1.56812506e-02 -1.48625267e-01 -2.19831108e-01 1.68121219e-01 3.01930379e-02 1.89109340e-01 -4.11922818e-02 -1.02868093e-01 5.38423026e-02 -4.03009804e-02 1.42908745e-01 4.61592497e-02 -2.75017296e-01 6.50594303e-04 -3.12095170e-01 2.28279499e-01 -7.79002046e-02 1.04743725e-01 -8.85787999e-02 -6.32726821e-02 2.30574843e-01 -1.76345378e-02 -4.29001369e-02 -2.51317545e-01 9.21758326e-03 -5.53196489e-02 -1.08132222e-02 -1.03252776e-01
 1.24264313e-01 -1.56520795e-01 7.50072358e-04 -6.45630119e-02 -2.65627134e-01 2.68113523e-02 -3.84036379e-02 -1.20499693e-02 -1.40328216e-01 -1.40624062e-01 1.60153257e-01 -2.65343468e-02 -5.65628349e-02 -2.02215113e-01 4.52035172e-02 1.64917733e-01 2.31822739e-01 1.52458268e-01 1.22141140e-01 1.04564639e-01 -5.97442462e-02 1.35114734e-01 -3.40972567e-03 -7.06798261e-02 1.36371886e-01 -1.36047921e-03 1.48573151e-01 -1.00163719e-01 -2.00658526e-01 3.72783909e-03 -6.19269244e-02 -1.83575335e-01 -1.12859193e-01 -7.79122525e-04 2.06007854e-02 -6.17170399e-02 2.17994870e-01 1.25210843e-01 -5.73557852e-03 -6.47103288e-02 -7.63154479e-02 1.98856910e-01 6.76728511e-02 2.67388931e-01 1.70428172e-01 -2.25884687e-01 -1.33012884e-01 -2.62652601e-01 -2.54486717e-01 -2.19786287e-01
 1.92617301e-02 1.95349488e-01 7.70801433e-02 -1.78893945e-03 -8.42519612e-03 -1.80613090e-02 -1.27206213e-01 -1.50945859e-01 1.63234372e-01 1.73673502e-01 -5.24000481e-02 3.86212296e-02 8.72408777e-02 5.62615887e-02 -1.69048982e-01 1.37202781e-02 1.79170820e-01 2.63468708e-01 2.54601492e-02 -2.10938101e-02 -1.25235237e-02 6.04630205e-02 2.25168858e-02 8.00957266e-03 -3.09787337e-01 2.87645964e-01 2.21938620e-01 -1.68083555e-01 1.10001489e-01 5.18794494e-02 -1.32999728e-01 1.03841407e-01 -3.12755383e-03 1.84438433e-01 -1.97713879e-01 -2.46275726e-01 1.04954713e-01 1.44711731e-01 -2.24344065e-01 3.20502258e-02 1.85074132e-01 -1.49900378e-01 -1.22066326e-01 -1.76367829e-01 1.84989538e-01 -2.10179654e-01 -4.28715145e-03 1.78704394e-02 5.37366036e-02 -8.75317002e-02
 7.04506334e-02 2.80459306e-01 -3.41026228e-02 -9.34360760e-02 -8.41189016e-02 -8.07863577e-02 1.61947647e-01 5.59686886e-02 7.76955412e-02 -5.41180936e-03 -3.51106683e-03 -7.82159342e-02 -1.21852720e-01 1.35067124e-02 2.43166388e-01 -8.45700630e-02 1.37531035e-01 -2.95634673e-02 -5.81350736e-02 8.04346658e-02 -2.53160631e-01 -2.08793846e-01 -1.71996146e-01 -2.08464881e-01 -9.63224382e-03 1.27071460e-01 -7.59393906e-02 -2.66268876e-01 -2.18186102e-02 -5.70868194e-02 -2.53207164e-01 9.61677984e-02 1.05610433e-01 -1.20120142e-02 1.09044517e-01 1.15036406e-01 -2.96631610e-02 -1.71700936e-01 -2.78737946e-01 -8.09243265e-02 -4.07207138e-01 -7.03169745e-02 -5.24154106e-02 3.80742275e-02 2.26115891e-02 1.72368064e-02 -1.82597351e-01 1.56329060e-01 -6.06775256e-02 3.73162575e-02
 -1.97843407e-01 -9.19413091e-02 1.31577705e-01 1.44781543e-02 -1.48310796e-01 -7.88184613e-02 -1.54440911e-01 -6.26908364e-03 -2.20398674e-01 -7.67038206e-02 -8.46509335e-02 -1.34653144e-01 -3.85785382e-01 -1.26414041e-01 -7.56243896e-02 -1.89363786e-01 7.50627133e-02 -5.60236538e-02 2.27865790e-01 -1.14482983e-01 -8.11730619e-02 -1.08361179e-01 1.78200020e-01 3.85621261e-02 -3.70737892e-02 -2.30900167e-01 -4.63819080e-02 -1.38601832e-01 6.12993558e-02 1.01445418e-01 -2.21937540e-01 8.98747704e-02 -1.69953664e-02 5.05184832e-02 -4.06969994e-02 3.32970580e-03 9.90213692e-03 -1.05793297e-01 3.60293886e-02 -3.58928953e-01 1.83002276e-01 -8.59835824e-02 -2.11922078e-01 1.88599641e-02 -6.10721989e-02 6.91617258e-02 2.20150197e-02 1.62325429e-02 2.19357887e-01 -1.85399464e-01
 1.10006717e-02 2.33312708e-02 3.89739303e-01 5.93942531e-02 -5.37691426e-02 1.09311175e-01 1.17430453e-01 -2.26464000e-01 5.19587819e-02 -4.74837712e-03 -9.75414165e-02 1.10457229e-01 -3.89684880e-02 3.22661877e-02 -1.52880029e-01 9.29757171e-02 7.84799864e-03 -8.54778706e-02 9.99693204e-02 -1.19800901e-01 1.66458842e-01 -1.01673689e-01 1.11128592e-01 1.15741031e-01 -5.15352170e-02 1.88108041e-01 -5.20598149e-03 -8.94330291e-02 2.45164694e-02 -2.47065871e-01 2.66988481e-01 -1.45667800e-01 1.67504808e-01 1.10825066e-01 1.46324419e-01 6.73014682e-02 8.28900044e-02 -2.28827139e-01 -8.82114457e-02 1.06675672e-01 -1.68069581e-01 -2.24500335e-02 8.52913669e-02 1.50181183e-01 4.90514723e-04 2.07871071e-01 -8.48848177e-02 -8.16873523e-02 1.29577757e-01 -3.63497769e-01
 -1.30836350e-01 4.18515906e-02 -6.82300228e-02 -2.08187819e-02 5.76913049e-02 -5.40552379e-03 -6.48241087e-02 -5.00632802e-02 8.81260011e-02 -1.36821932e-01 -3.79990389e-02 9.60509828e-02 4.89940108e-02 1.60624562e-01 -2.38805268e-02 4.42995397e-02 -2.62263086e-03 -1.59382527e-02 2.28323175e-01 -3.87985211e-02 -1.41877627e-01 1.25297055e-01 5.67005121e-02 -7.77130818e-02 2.63107103e-01 3.11546268e-01 -1.85163797e-01 -1.62348059e-01 2.70908000e-01 -2.05263473e-02 3.35622862e-02 4.05059855e-01 -1.61093466e-01 -1.12022442e-01 1.48659797e-01 -3.86016323e-02 -1.81513468e-01 1.78610749e-01 1.69924346e-01 -1.06381945e-02 -8.25302656e-02 1.04283681e-01 -1.43137931e-01 -1.75608831e-02 2.10039256e-02 1.18375512e-01 2.59682412e-02 -3.26159669e-01 -6.73513210e-02 -1.12738312e-01
 2.44555009e-01 -3.56727884e-01 1.68347585e-01 6.76365368e-02 1.82100331e-01 -2.53745044e-02 7.86383676e-02 1.15808964e-01 8.96293006e-02 -4.80236304e-02 -1.26081986e-01 -4.06196863e-02 6.00245311e-03 2.45612137e-01 1.79650563e-01 9.37531346e-02 1.49553685e-01 4.65604362e-02 2.90944931e-05 6.11255059e-02 -1.57594756e-01 -2.96632043e-01 -3.68883110e-02 -2.42167113e-03 -1.04326658e-01 1.75237496e-01 -7.23275123e-02 -1.75339084e-02 1.52979293e-01 -7.54195817e-02 -7.03511499e-02 -7.22631510e-02 -4.99108697e-02 -5.60462849e-02 -3.22321263e-02 -1.06369963e-01 -8.75470544e-02 -2.18570652e-01 3.04243833e-01 -1.46662354e-01 1.78240751e-01 1.43861683e-01 1.07079819e-01 5.69873774e-02 1.98013302e-01 -1.79530907e-01 1.22120271e-01 1.53953986e-01 -1.87705498e-03 -6.09712897e-02
 9.73032708e-02 -1.34147805e-01 5.98856599e-02 3.10806313e-01 2.45463841e-01 -1.27201903e-01 -1.06791439e-01 -1.03027154e-01 1.87212984e-01 -2.40347561e-01 1.08667471e-03 -1.27836215e-02 -2.66881731e-01 3.08339818e-02 1.45303558e-01 -2.22333798e-01 6.21618799e-02 4.81919402e-02 5.96769207e-02 -7.18977052e-02 1.44241062e-01 1.83000423e-01 -1.86549673e-01 -5.25990031e-02 -8.36164016e-02 -3.57064808e-02 1.66299080e-01 -9.76253811e-02 -1.17187665e-01 -9.55269641e-02 5.88116560e-02 -3.38014151e-02 1.85569104e-01 -1.69692569e-01 3.50858793e-02 -1.83737467e-01 -7.65582562e-02 8.42043780e-02 2.33131916e-02 -1.81352907e-02 1.35362163e-02 6.73192168e-02 3.39392229e-02 -1.94610353e-01 -1.56263421e-01 4.51331528e-02 -3.97309727e-01 -9.98770935e-02 -6.57488327e-03 9.15903141e-02
 1.93287454e-01 2.41662004e-01 -6.04613503e-02 1.90690684e-01 -1.35245638e-01 3.00982001e-01 2.15036573e-01 1.30637090e-01 1.66309628e-03 7.56734481e-02 -1.58200533e-01 1.58654747e-02 -3.19352972e-02 -1.13916329e-01 9.55173786e-03 -1.16473802e-01 -2.52524087e-02 -1.03774483e-01 -9.41847362e-03 2.30503704e-02 -2.18552756e-02 -8.25986115e-02 -9.47048603e-02 5.64934082e-03 -2.38524884e-02 -2.22012700e-02 -1.64889507e-01 -2.46210157e-03 -4.91477262e-02 -1.51374723e-01 -5.67731067e-02 -1.11240715e-01 -3.61191508e-01 1.10535832e-01 1.76555716e-01 -1.54530644e-01 -4.89841410e-02 -1.08631967e-02 -1.22703770e-01 -1.36556333e-01 2.93908385e-01 3.25401929e-02 1.87977029e-01 -1.97838004e-01 3.02082865e-02 6.45605170e-02 -6.19948001e-02 -3.44522497e-01 8.73919496e-02 6.88072940e-02
 1.23627535e-02 -1.24840477e-01 -8.54481874e-02 -1.32577117e-01 -8.20371337e-02 -4.61394887e-02 -1.02136996e-01 5.97606734e-02 -8.36394411e-03 1.56503598e-01 -3.40424857e-02 -2.97506159e-01 1.02794426e-01 1.94378619e-01 7.11624633e-02 -8.40297024e-02 -8.79793077e-02 5.74309078e-02 -6.21051938e-02 8.66198630e-02 9.25394612e-02 -1.67183506e-01 -3.82241320e-02 -1.61515054e-01 9.29273608e-02 1.71253939e-01 1.26683971e-01 1.93827284e-01 2.91726144e-02 -1.00912088e-01 -1.07386134e-02 -1.12114224e-01 1.33776491e-01 -3.13444245e-02 -1.14294892e-01 -2.25169456e-01 9.27082175e-03 -1.41357987e-01 -1.13008689e-01 -2.30733944e-02 8.88582027e-02 -1.25710140e-01 -2.83802104e-01 3.12093097e-01 -1.47160771e-01 1.71809364e-01 -6.47112397e-02 -4.08276335e-01 8.33343346e-02 1.15749016e-01
 4.86735441e-02 1.45339235e-01 -1.20451141e-01 -1.49483532e-02 -1.53168623e-01 1.55708815e-01 -1.25081373e-01 3.00126457e-04 -1.19205583e-02 5.27902565e-02 1.13533479e-01 -7.06143571e-02 -1.81350672e-02 1.57271036e-01 4.11387131e-01 -2.90101785e-01 -7.50934438e-02 1.45324651e-01 1.27801492e-01 -2.87692762e-01 3.24903961e-01 -1.75006025e-01 -2.44473479e-02 1.47415315e-01 -7.89862818e-02 1.17746160e-01 -1.53677201e-01 -6.46940769e-03 -1.51942907e-01 1.72435859e-02 -7.28558179e-02 1.13896763e-01 4.94060720e-02 2.05889549e-01 -1.21825668e-01 1.11187145e-01 1.35073878e-01 1.03870384e-01 2.80270891e-01 8.83092576e-02 -4.66309714e-02 5.28945051e-02 8.77344007e-02 1.55430787e-02 -1.25548279e-02 -2.53068434e-02 6.02859993e-02 -1.07590531e-02 -9.37598936e-02 -1.25236328e-01
 2.35612323e-02 1.03332270e-01 -2.46157119e-01 1.04837556e-01 -2.88167545e-02 -1.35951549e-02 -1.05590479e-01 -2.02719866e-01 1.25602491e-01 4.15644374e-03 -8.08854862e-02 -2.51050738e-01 9.48570573e-02 8.98121542e-02 -1.54883574e-01 2.71434758e-01 2.20116058e-01 -3.09587538e-01 1.63124885e-01 5.64608135e-02 1.26088188e-01 -1.75769127e-01 2.27715475e-02 -1.58615944e-01 1.79970440e-01 -5.47351293e-03 7.57629865e-02 -1.27966315e-01 -1.02256065e-01 -2.70656391e-02 -1.17941426e-01 4.08510072e-02 1.04027676e-01 4.85716058e-02 -1.00039902e-01 7.94055157e-02 1.32377437e-01 -6.41559766e-02 -2.85841563e-02 4.73847047e-02 2.09846352e-01 3.39290403e-01 1.03521797e-01 -1.32360284e-01 -2.61290280e-01 6.49387002e-02 6.41893165e-02 1.22912467e-01 -4.88162017e-02 -1.66941760e-02
 -3.59077551e-02 -1.66352687e-01 -2.62709408e-02 3.84108453e-02 -1.57432773e-01 8.86021265e-02 1.55488461e-01 -1.41851901e-01 1.05839104e-01 1.06910311e-01 -3.62567233e-02 -2.27446212e-01 -1.89057302e-01 -7.64321377e-04 3.40754146e-02 -7.06774879e-02 -1.84156852e-01 -7.34022155e-02 -4.80255911e-02 3.35220642e-02 -1.29947428e-01 9.70130771e-02 1.41626463e-01 -2.62443680e-01 7.56239993e-02 1.05573156e-01 -1.79013241e-02 -3.77019515e-02 -2.10789793e-01 -2.33549979e-01 5.57508418e-02 8.92705703e-02 -1.07658562e-01 -1.65535370e-01 1.51646931e-01 -7.47354109e-02 2.86399483e-01 1.36090720e-01 1.70850040e-01 2.55840566e-01 -7.39581339e-03 -1.54559217e-01 -8.91558911e-02 -7.06216660e-02 2.30413932e-02 -2.45135889e-01 7.99334644e-02 1.69562950e-01 3.03837795e-01 -3.07603434e-03
 2.39432795e-01 9.14391543e-02 1.54974710e-01 -2.78984987e-02 1.28688565e-01 -1.22479538e-01 -2.73539063e-01 5.98250117e-04 -2.67308853e-01 -5.40355817e-03 4.92509425e-02 -8.33439346e-03 -5.20985865e-02 6.08131215e-02 -6.86813057e-02 1.79214929e-01 -1.40164083e-01 2.07545033e-01 1.37813293e-01 6.27034646e-02 8.43963432e-02 -1.56195148e-01 2.01750362e-01 -2.89208076e-01 8.52988237e-03 1.14680304e-01 1.08623873e-01 1.04648786e-01 -1.95826853e-01 1.07449829e-01 -6.33671034e-02 3.94120826e-02 -1.91212093e-01 -1.00364777e-01 1.25330678e-01 1.17165206e-01 7.30034701e-02 -1.34676819e-01 8.14841671e-02 -1.06957288e-02 -9.04495523e-02 -2.30257238e-01 1.83537812e-01 -3.00654502e-01 7.94821653e-02 2.03637172e-01 -2.32720691e-02 -5.86240986e-02 -4.27335914e-02 8.82953286e-02
 -2.37921979e-01 -2.07571826e-01 1.11713624e-01 -3.05952211e-01 2.80080884e-02 -1.58054600e-01 2.45542848e-01 2.95611215e-02 1.61538488e-02 2.64620512e-01 -1.17177663e-01 -4.53091254e-02 2.37249605e-01 -1.56419079e-01 9.25983738e-02 -1.24578349e-01 6.37467133e-02 -2.68573799e-02 2.70886533e-01 5.31954544e-02 -5.85215804e-02 2.31590661e-01 -1.28442419e-01 -1.39752616e-01 -2.00888225e-01 4.57820126e-02 3.11685691e-04 -3.55707769e-02 -1.27071386e-01 -9.00852009e-02 8.46386594e-02 5.77932096e-02 2.23388459e-02 1.61872076e-01 1.36010735e-03 3.32463395e-02 1.64050833e-01 -9.15462961e-02 1.61689472e-01 -1.65964548e-01 5.46176637e-02 3.53006462e-02 8.91803415e-02 -2.04269078e-01 -4.66358869e-02 2.18481896e-01 -4.54753193e-02 -2.45608431e-02 -1.91502437e-01 6.20932339e-02
 -4.65704707e-02 1.32577528e-01 1.50825592e-01 -2.29372553e-01 -5.23884460e-02 2.62129754e-01 -1.95433694e-01 -1.45714295e-02 2.55826997e-01 -2.77591017e-01 -1.69830187e-01 -2.48942049e-02 -1.06236699e-01 3.60443937e-02 1.95668612e-01 1.17120798e-01 1.94510189e-02 -8.88790090e-02 2.17353404e-01 -3.15264195e-02 -8.30592093e-02 1.26478120e-01 1.73227444e-01 5.74902610e-03 -2.04787809e-02 -1.28786479e-01 -3.75110426e-03 7.69564948e-02 2.56898028e-02 6.49380088e-02 1.76382940e-01 -2.33040843e-02 -1.11431099e-01 1.73931105e-01 -6.56008245e-02 -7.26089399e-02 2.51518387e-02 -3.39641754e-01 -8.42712633e-03 1.35594534e-01 -1.97066347e-02 -4.52493153e-02 -1.06538052e-01 -9.17465427e-04 -2.42733532e-02 -2.16049947e-01 -5.12622560e-02 -2.62336043e-02 -1.21057479e-01 3.51905425e-01
 -1.40886958e-02 -1.22409664e-02 2.36634997e-01 -2.27731222e-03 -1.97067519e-01 3.54065345e-02 -1.52666468e-01 -2.22297381e-01 -1.12420460e-02 3.05160073e-01 1.35393391e-01 -4.36661857e-02 1.33501109e-01 1.76226132e-01 3.85421582e-02 1.06012379e-01 7.49034010e-02 -1.26882219e-01 1.46049923e-01 1.95685306e-01 5.46697461e-02 -1.57742615e-02 -2.64870327e-01 8.40035290e-02 -2.51292710e-01 -1.99916442e-01 -1.26173187e-01 -2.43102973e-02 -1.58375082e-02 1.17750308e-01 -3.21530984e-02 6.17442956e-02 -1.29475232e-01 -2.78576280e-01 3.35198771e-02 2.48206701e-01 -1.83681674e-01 2.92560971e-02 6.08446020e-02 8.92732999e-02 -8.19163231e-03 4.98149506e-02 -4.92357343e-02 4.13852592e-02 3.84010428e-02 -1.51003201e-01 -2.22277609e-01 -1.37363758e-01 2.16480972e-01 7.68762419e-02
 6.85100366e-02 -3.90829863e-03 -6.95368678e-03 9.87480516e-02 -2.49207421e-02 -2.06033499e-01 1.12296581e-01 -1.21340560e-01 2.26010873e-01 2.05124584e-01 -1.15217865e-02 1.88709311e-01 -2.57150039e-01 -2.37185210e-01 4.44744760e-02 5.00010053e-02 5.84115069e-03 8.55524237e-02 1.98187348e-01 -1.31203487e-01 2.66074735e-03 -6.08998954e-02 -3.03069240e-01 -1.97632631e-02 3.20316169e-01 3.19282489e-02 1.90995934e-01 2.39852794e-01 7.82019944e-03 2.33878173e-02 -6.26307347e-02 9.88103630e-02 5.83600029e-02 1.17493533e-01 7.36658150e-02 2.66517840e-01 -1.29676724e-01 -1.45967683e-01 1.88319696e-02 1.29975934e-01 2.27810911e-01 -1.66552060e-01 -5.13775560e-02 7.51194311e-02 9.46174011e-02 -1.13509262e-01 1.37302459e-01 -8.06578975e-02 -5.35577246e-02 2.39475957e-02
 8.17627934e-02 1.46916015e-02 1.36297290e-01 -4.45312773e-03 -1.64881611e-01 1.09172736e-01 1.68511637e-01 3.91720481e-02 1.99502171e-01 -1.25182917e-01 -5.03112009e-02 -1.11117740e-01 -1.93115022e-02 5.06213828e-02 6.31949666e-02 2.70299213e-02 -1.45804230e-01 -7.31985173e-02 -5.84532616e-02 5.31708628e-02 1.55281645e-01 2.27717177e-01 -3.25426817e-02 1.87946882e-02 1.21784275e-01 2.33314852e-01 7.06901928e-02 -3.87679198e-03 9.44487131e-02 3.26793226e-01 -1.85822748e-02 -1.70896473e-01 1.74095335e-01 -2.02788174e-01 -1.83482503e-01 2.75243897e-01 1.22705906e-01 2.65550260e-02 -3.51583850e-02 -3.93809141e-01 -7.92531145e-02 -1.35785024e-02 2.16850529e-02 -2.34908103e-01 3.42137082e-02 -6.29734745e-02 1.98530660e-01 -1.41261714e-01 1.34551939e-01 1.90904956e-03
 7.10383635e-02 2.31224355e-01 -7.93387354e-03 -5.01393911e-02 -8.28193590e-02 -1.28472693e-01 2.99513441e-01 4.10272663e-02 -6.16790220e-02 -6.64462505e-02 -2.65513462e-02 -1.45103879e-01 -1.61768782e-01 -5.20635786e-02 1.21987665e-01 2.68403549e-01 5.35596777e-02 2.13625144e-01 1.36143826e-01 2.49849071e-01 1.06602378e-01 -1.43445643e-02 -1.78118599e-02 2.33276074e-01 -1.27670614e-03 -1.04734747e-01 -2.17666676e-01 9.39317459e-02 1.01022518e-01 8.91568090e-02 1.53775727e-01 2.59777041e-01 1.91919995e-01 -2.58090525e-01 -6.35112002e-02 -2.76870416e-01 1.92732366e-01 5.76704682e-03 1.92311805e-02 8.73330217e-02 1.74228382e-01 -1.07026326e-01 7.72411371e-02 2.62498996e-02 6.13755377e-03 1.33378369e-01 -6.98904743e-02 6.13079284e-02 -1.84092029e-02 -3.95231441e-02
 2.65457099e-02 1.55209786e-01 4.52739226e-02 -1.94727772e-01 -1.95957004e-01 1.23110209e-02 -2.30931996e-02 -2.14684488e-01 1.29988761e-01 -2.60905444e-01 -1.63133794e-01 2.47894384e-01 7.92031503e-04 1.13982996e-01 -1.36016406e-01 -2.58012997e-01 6.36969428e-02 1.49790124e-01 -3.25967418e-01 1.84905824e-01 -1.03226072e-01 -5.53810718e-02 -1.10885869e-02 -1.37275937e-01 -1.13854432e-01 -1.34442226e-01 1.49903494e-01 2.65880255e-01 -8.14569624e-02 -1.43944417e-01 -2.09525432e-02 2.65214449e-01 2.45242362e-02 -9.34569668e-02 -4.18115729e-02 1.58627363e-01 9.17880021e-02 -2.92350142e-02 1.59241168e-01 -1.05498748e-01 1.26516979e-01 1.67768881e-01 8.52695779e-02 8.11982115e-02 -2.96402435e-02 8.49426350e-02 1.31876132e-02 -5.25873034e-02 2.10999099e-03 -7.70341431e-02
 1.18735872e-01 2.69764234e-01 -5.74864362e-02 -1.43165296e-01 1.45596448e-01 -1.77577499e-02 6.23703987e-02 -1.85594540e-01 1.51095593e-02 -1.12059076e-01 2.31851579e-02 7.16461997e-03 1.53150264e-01 -2.10187638e-01 -4.14347917e-02 -9.66560388e-02 -1.30803988e-01 -2.47585555e-01 9.14029346e-02 -7.92213346e-02 2.36902616e-01 2.96386729e-02 -2.11679832e-01 -2.14321598e-01 -1.00918132e-01 4.19099583e-02 1.00861533e-01 -2.28343384e-02 2.16271581e-02 1.93337312e-01 2.39699781e-03 -8.24212297e-02 -2.24977033e-01 -1.75997078e-01 4.67159365e-02 -2.90532247e-01 -7.09496514e-02 -1.12507520e-01 2.22372974e-01 -1.32871012e-01 -4.55032509e-03 -1.25146297e-01 -6.66178995e-02 2.65188768e-01 -4.55470390e-02 -7.66945510e-02 3.99812225e-02 1.83791965e-01 -1.48541335e-02 -2.05839938e-01
 2.13029112e-01 -4.72880432e-02 2.35337141e-01 6.45637222e-02 -2.03149428e-01 -7.21244542e-02 -2.54499054e-01 5.35870445e-05 8.66549238e-02 3.58822023e-02 -1.18447608e-01 -2.02708390e-01 -7.06520222e-02 -1.41641975e-01 -1.39715420e-01 -1.09747362e-01 1.64785926e-01 -1.72502379e-01 -1.45366294e-01 2.12338431e-01 1.11332372e-01 1.96822608e-02 -5.79968660e-02 8.18198854e-02 4.17520033e-02 9.23725666e-02 -7.90036566e-02 -1.08681087e-01 8.33657700e-02 -1.15947023e-02 9.25615391e-02 9.16414942e-02 3.98063861e-02 2.04037031e-01 1.46717563e-01 -4.05701333e-02 -6.88936260e-02 2.87806119e-01 1.51965632e-01 -7.14091165e-02 -6.80991190e-02 -2.52564221e-01 1.49755690e-01 1.77136834e-01 -4.72165489e-02 9.88823779e-02 1.63092775e-01 9.32502151e-02 -2.11369272e-01 2.57554449e-01
 6.87533717e-02 -7.45624304e-02 2.33484129e-02 -2.11123442e-01 -3.92398159e-02 -2.10377592e-01 1.69342259e-01 -2.12956589e-01 6.59586904e-02 7.42375666e-02 1.32847515e-02 -1.06358535e-01 -2.17824681e-01 3.23568036e-01 9.44332911e-02 1.35639912e-01 1.58054940e-01 -6.49736893e-02 -1.85404000e-01 -3.24154689e-01 7.84348707e-02 1.43841375e-01 8.02671809e-02 -2.69110290e-01 -7.61873176e-02 -2.37948778e-01 -1.58790352e-01 1.64100903e-01 8.51062881e-02 1.66284942e-01 -2.27285096e-02 -6.98674085e-02 -8.05010869e-02 1.57152641e-01 9.89353603e-02 -1.31353127e-01 -1.35765143e-01 1.58994824e-01 -1.56506299e-01 5.43311937e-03 -4.16238427e-02 -6.98278156e-03 1.62636410e-01 -3.88784599e-02 1.99755473e-02 4.69016766e-02 1.02744837e-01 -9.70686224e-02 -4.94200776e-02 -1.16286635e-01
 -9.80669187e-02 1.67930607e-01 1.65686247e-01 -2.33480941e-02 1.93842873e-01 1.59674717e-01 6.16098049e-02 -3.03050476e-02 -1.23076950e-01 3.27839234e-01 -1.90358559e-01 -1.57671301e-01 -1.28084469e-01 1.21084655e-01 -1.40349904e-02 -1.63340600e-01 -1.10531205e-01 3.85026195e-02 -1.52274352e-01 5.71224445e-03 -1.95444620e-01 8.42382332e-02 1.40627109e-01 3.98947035e-02 2.03304352e-01 -1.16319549e-02 1.69942925e-01 -2.55872753e-01 -1.45892827e-01 2.44458331e-01 6.00615927e-02 4.63819515e-02 7.74135105e-02 -1.26372561e-01 -1.12400358e-01 4.07324123e-04 -1.83245957e-01 -8.25859841e-02 5.90322593e-02 9.46014840e-02 1.42139816e-01 2.86809598e-02 2.76447729e-01 1.53754138e-01 -7.57418154e-02 -1.07041267e-01 -7.07446030e-02 -7.45072522e-02 -2.28322448e-01 -1.00624384e-01
 -1.13284903e-01 -8.17338781e-02 -2.31861116e-01 2.58535985e-02 2.17872669e-03 1.31845682e-01 -1.00529425e-01 2.62498072e-01 2.03101560e-01 6.64666797e-03 2.14052053e-02 1.91177423e-01 -1.05584912e-01 -6.70895578e-03 -4.48903910e-02 2.36395686e-01 2.78021320e-02 -1.38650712e-01 -7.39761147e-02 -1.32268361e-01 -1.00799055e-01 -4.87538231e-02 -1.20474114e-01 -1.05282785e-01 -2.81749473e-01 -1.20887529e-01 1.20417234e-01 -2.64474830e-01 -1.99891192e-02 1.56842281e-01 -4.90577991e-02 8.11686922e-02 1.59493273e-01 -6.31039758e-02 6.11785877e-03 -2.53074698e-02 1.98437503e-01 -4.82847709e-02 1.92930061e-01 9.43732451e-02 -2.53442446e-02 -2.33131327e-01 2.44702989e-01 1.57699426e-01 6.89058198e-02 1.76841950e-01 9.83785367e-02 -2.60722688e-01 1.30297982e-01 1.99522611e-02
 5.08019325e-03 1.99159396e-01 4.93979937e-02 2.66673636e-01 4.14016495e-02 -1.84443238e-01 -2.80545356e-02 2.62279567e-02 1.83874127e-01 1.60344167e-01 1.78681485e-01 1.62756820e-02 -3.81762268e-02 1.05330398e-01 -2.80008536e-01 -6.53624478e-02 -5.52936307e-02 4.26691239e-02 1.66099311e-01 -1.84882183e-01 -1.44836813e-01 6.10622843e-02 8.09287600e-02 -7.85473253e-02 -7.86956129e-02 -6.40509009e-02 -3.20747417e-01 9.38686013e-02 -4.19853523e-02 -2.44176188e-01 4.46031903e-02 -8.47019098e-02 -3.23525807e-02 -2.05271807e-01 -2.69338532e-01 1.02918011e-02 1.93624354e-01 -6.59347522e-02 -5.17406229e-03 -2.32573403e-01 -9.72332248e-02 -2.53441995e-02 7.31413974e-02 1.90105991e-01 -4.95778177e-02 -1.29713236e-01 1.09161945e-01 -6.41851192e-02 -2.23954353e-01 1.30951324e-01
 -3.48683363e-02 2.12917760e-01 1.23646195e-01 2.69181569e-01 -8.50830578e-02 -2.19577838e-01 -3.24422094e-02 5.85427654e-02 2.70567208e-02 1.27495481e-01 -1.54947987e-01 1.96112194e-01 1.63304388e-01 1.83794194e-02 3.12094544e-01 -1.16261803e-01 1.20844832e-01 -1.07076989e-01 2.94125229e-02 2.27673997e-01 -1.31743505e-02 1.78905818e-02 2.12536143e-01 -8.29571856e-02 8.12093097e-02 -2.75432397e-01 1.31021471e-01 -2.15892277e-02 1.30970537e-01 -1.70537831e-02 -1.07204343e-01 -2.53161214e-01 6.36745271e-02 -5.43621861e-02 -2.23664373e-03 -1.36725792e-01 5.65120982e-02 2.01684577e-02 1.80780116e-01 1.93614011e-01 -1.40325725e-01 -1.71040017e-02 -1.58361693e-01 -1.45797537e-01 3.40747256e-02 5.37391903e-02 2.33432004e-01 -1.21260797e-01 -4.97025716e-02 -1.49809777e-01
 -1.90651790e-01 4.64358416e-02 -1.23704280e-01 8.80744666e-02 -1.81386952e-01 -1.23621125e-01 -1.90157786e-01 -1.26366922e-01 4.27592113e-02 5.38611779e-02 -8.71103839e-02 -1.52168669e-02 -8.27311431e-02 -4.37684521e-02 2.10682926e-01 1.33671912e-01 -6.14412488e-02 7.85295437e-02 -1.95534236e-02 -2.60282275e-02 -1.97023229e-01 2.35545816e-01 5.67098077e-02 2.63352710e-01 -1.85529938e-01 3.33648773e-01 7.66214050e-02 2.00115915e-01 5.68091766e-02 2.77489810e-03 -2.38367839e-01 -1.94235028e-01 -1.59595424e-01 -1.37397774e-01 2.01997694e-01 -3.78203858e-02 -3.40712125e-02 -8.80702727e-02 -1.49961094e-02 -1.03820541e-02 1.93055917e-02 7.56396905e-02 2.34853371e-01 1.26451399e-01 -2.62736672e-01 1.51877679e-01 3.71502244e-02 1.41699239e-01 2.47639052e-02 -1.82944054e-03
 -1.58104212e-01 -3.41044071e-03 -3.02109114e-01 6.74834869e-03 7.73522885e-02 1.22044205e-01 -7.55380188e-02 -2.80415594e-01 -7.92337474e-02 -2.15109262e-02 -1.30788100e-01 -1.23880246e-01 -3.20998689e-02 -8.88733083e-02 1.45238920e-01 1.28665714e-01 1.00486435e-01 1.43413490e-02 -1.75306197e-01 4.94932751e-02 1.74706523e-01 1.00351896e-01 7.57756499e-02 -2.16283451e-02 -4.65738055e-02 -4.04786937e-02 -8.90249744e-02 -1.05601473e-01 1.08100241e-01 -3.61125403e-01 1.61717702e-02 -1.25202968e-01 -1.67282734e-04 -1.48007126e-01 -1.41047386e-01 2.37132755e-01 -1.56358192e-01 -7.83379655e-02 6.22073900e-02 -1.16313948e-01 1.02293157e-01 -3.29334025e-01 -2.96084549e-02 -5.90841988e-02 3.09827071e-01 3.33554662e-02 -5.57645095e-02 -2.63706436e-02 -2.18411092e-01 -5.96589500e-02
 -2.37769521e-01 -3.70206428e-02 1.89529750e-01 1.35933348e-01 5.01240790e-02 3.97718957e-02 1.59332992e-01 -1.67886696e-01 -3.95131225e-02 -1.45596931e-01 -1.83797057e-01 1.19120740e-01 1.10719353e-01 -2.23522353e-02 1.17739022e-01 6.94931626e-03 -4.05916174e-02 1.17856572e-01 8.05517218e-02 -8.50247570e-02 3.01049463e-02 -2.02802274e-01 2.42893767e-03 -2.33851628e-01 1.13446076e-01 1.51820442e-02 -4.55345699e-02 -6.25169793e-02 1.90298896e-01 1.40533069e-01 -1.18089247e-01 -1.59018743e-01 -1.51532100e-01 8.69106861e-03 -1.76326983e-01 1.16183063e-01 2.01267750e-01 3.30053062e-01 -5.66858546e-02 7.38549555e-02 1.18600638e-01 -3.79987017e-02 1.24734523e-01 2.64943168e-01 3.26043193e-02 1.53562554e-01 -2.01894502e-01 1.11255947e-01 5.66314280e-02 2.90472936e-01
 7.41412782e-02 8.25008879e-02 1.17657099e-02 5.10435720e-02 -4.47703654e-02 3.09617334e-02 4.08611333e-01 8.90615947e-02 -1.29434973e-01 -1.82325609e-01 9.63980990e-02 -1.15404258e-01 -7.21391353e-02 1.43919466e-01 -1.83302421e-01 3.01862531e-02 1.56655331e-01 2.28730068e-01 7.56820721e-02 -8.74339335e-03 1.02473620e-01 1.32961864e-01 5.70793447e-02 -5.43275465e-03 -2.44152940e-01 2.24398229e-02 1.72151857e-01 -2.03187183e-01 -2.09167365e-04 -7.88182620e-02 -1.31692311e-01 -1.09415345e-01 -9.64749488e-02 2.51060810e-02 4.05753959e-02 2.20247324e-01 -1.97114781e-01 -2.65429531e-02 2.01081078e-01 1.96819360e-01 3.55884241e-02 -3.92748963e-02 -2.12643739e-01 8.72367122e-02 -2.80501992e-01 3.77135236e-02 1.95577401e-01 -5.90933170e-02 -6.10039257e-02 1.82592819e-01
 -1.02036604e-01 -4.92842805e-02 -6.29589970e-02 6.11160917e-02 2.10656356e-01 2.28530522e-01 5.94464501e-02 -1.94690866e-01 1.73618472e-01 -9.52454078e-02 1.09407570e-01 -9.23999003e-02 1.00378354e-01 -1.29366455e-01 -7.48735995e-02 -2.12952404e-01 1.91755096e-01 7.02003989e-02 1.95374059e-01 1.83367745e-01 -6.49134725e-02 -6.23866551e-02 2.18287087e-01 -4.25650366e-02 -1.08361167e-01 6.08997818e-02 -2.40427170e-01 2.09284539e-01 -2.55430631e-01 2.49985272e-01 -1.75019872e-01 -8.94422793e-02 2.89544667e-01 -4.17435420e-02 2.27382810e-01 -3.52569533e-02 -1.49751748e-01 3.06499454e-02 -7.63544596e-02 6.11874397e-02 9.53378110e-03 -3.87218780e-02 3.42371300e-02 7.62313187e-02 1.74841838e-01 5.66753485e-02 1.66837212e-01 -8.37882811e-02 1.57270714e-02 2.28927119e-02
 9.16290083e-02 4.70712864e-02 3.54958013e-02 -1.39874590e-01 2.70561844e-01 -8.29193421e-03 3.52519939e-02 -1.93072846e-01 -1.41571736e-01 -2.91922949e-02 6.21885006e-02 -1.94230168e-01 -7.47933240e-02 -2.50787293e-01 3.73538813e-03 -1.04377018e-01 3.00565540e-01 -1.21116964e-01 -5.17576195e-02 -9.32150144e-02 -1.97517108e-01 -5.82570413e-02 -9.07001022e-02 2.08957412e-01 4.52335468e-02 6.07920691e-02 7.67196982e-02 1.39246563e-01 1.18252865e-01 -7.34418524e-02 -3.68454818e-02 1.33790303e-02 -1.51599810e-01 -3.31239389e-02 -3.61453239e-01 -1.06887288e-02 9.76490452e-02 1.10547889e-02 1.07109008e-01 1.72347548e-01 -2.75391489e-01 2.84560034e-02 1.44411984e-01 -9.84958278e-02 -2.16754110e-02 5.98917127e-02 1.19479040e-01 -2.28823947e-01 2.49240327e-01 8.11575249e-02
 -2.62535502e-02 -4.47019884e-02 2.86181618e-01 1.50390813e-01 -2.04930944e-01 1.25470541e-01 1.00541035e-02 4.92071698e-02 -9.07401168e-02 -2.95328517e-02 4.02407000e-01 3.47701818e-02 7.92061316e-02 -3.24719347e-01 1.79825991e-01 7.28276406e-02 2.91170962e-02 -1.48497279e-01 -2.20281940e-01 -1.41859226e-01 -1.72878983e-02 2.12165755e-02 1.50648909e-01 -2.99548989e-01 -9.80760479e-02 1.60922265e-01 -5.38637251e-02 6.54162508e-02 1.11177272e-01 -2.63456105e-02 -3.87634213e-02 2.22745429e-01 1.33286066e-01 -8.44139381e-02 -1.79008443e-01 -6.22121930e-02 -1.70971932e-01 -1.23025934e-01 -3.40305469e-02 1.11785109e-01 2.06056380e-01 5.08031142e-02 1.69899366e-02 -7.53513415e-02 -1.16203335e-01 2.88388008e-02 -7.47168127e-03 -4.43692368e-03 -1.22700690e-01 -6.44801033e-03
 -9.22325024e-02 8.90332897e-02 1.27711448e-01 1.22403906e-01 1.91546606e-01 -4.87693041e-02 2.96341040e-02 1.82844987e-01 1.16007555e-01 -1.59735029e-03 -2.55864117e-01 -3.18450767e-01 -5.78607771e-02 -1.84489355e-01 -3.77399763e-02 1.69311352e-01 -1.17273114e-01 -1.20597576e-01 -1.65634203e-01 -1.22300035e-01 1.22577317e-02 -1.66292728e-01 2.54475887e-02 4.79801914e-02 -2.86431267e-01 1.65316923e-02 5.56556177e-02 2.46333210e-01 -1.74826195e-02 7.95516898e-02 -5.72119589e-02 9.49239383e-02 -6.73302342e-02 -2.41143163e-02 1.41822027e-01 1.85330579e-01 1.36494255e-01 1.79804541e-01 4.84150399e-02 5.51545749e-02 -5.88288371e-02 1.71160483e-01 -2.93078177e-01 6.90893265e-03 8.75897067e-02 -4.66839564e-02 -1.29939616e-01 -1.32224928e-01 -2.59999645e-01 -1.34862399e-01
 -1.22840813e-01 1.16758196e-01 -1.73552560e-01 -1.28004173e-01 -6.81832234e-02 -1.59449787e-01 -7.66846512e-02 5.69263044e-03 -1.17715476e-01 6.94816022e-02 1.15699985e-01 4.53006220e-02 -2.25585717e-01 -6.20487328e-02 -1.37171460e-01 -2.22653205e-01 1.26731345e-01 9.93398935e-03 -9.72138500e-02 3.13412745e-02 2.34900032e-02 -1.53639928e-01 6.17073215e-03 -1.30795905e-01 -7.58064027e-02 2.05558354e-01 -1.30179497e-01 -6.55411139e-02 3.22807846e-01 1.88245411e-01 3.22057361e-01 -3.04920963e-01 9.07254642e-02 -5.62714767e-02 2.14663498e-01 8.76454275e-02 1.54791563e-01 -9.97483592e-02 1.31882434e-01 1.28152154e-01 1.36705965e-01 1.94764688e-01 -1.02308684e-02 -1.26934974e-01 5.23540474e-02 -1.41673187e-01 -9.82365018e-02 -5.77270800e-02 -3.10219784e-02 1.24795496e-01
 -2.32006191e-01 -5.56025855e-02 9.74742026e-02 -1.58611523e-01 9.65874209e-02 2.66193849e-02 1.05639079e-01 -1.38890426e-01 1.28827457e-01 -2.75997197e-02 3.83162010e-01 1.28107585e-01 -1.94066532e-01 1.45341544e-01 1.14407415e-01 -8.83891885e-03 -8.86633046e-02 -2.11969758e-01 4.13281313e-03 1.84650650e-01 1.71199348e-02 -3.53517030e-01 3.28265476e-02 2.29370323e-01 -2.56652067e-02 2.01054570e-02 2.30900880e-01 -7.62192648e-02 -5.75822076e-02 -8.40735379e-02 3.34127420e-02 -3.40454109e-02 -1.85459064e-01 -1.03158380e-01 6.33212471e-02 -7.86316609e-02 8.98462042e-02 1.62899303e-01 -1.45679088e-01 -1.14016583e-01 8.94258512e-02 -1.06173067e-01 -2.96455786e-02 -1.04227637e-01 -8.93885190e-02 2.30093197e-02 1.73774415e-01 -5.39838170e-02 -2.80884321e-01 3.30319104e-02
 -5.79414189e-02 -1.30297026e-01 -7.36860499e-03 -7.68589014e-02 -2.15258727e-02 -2.00745845e-01 4.80823596e-02 1.43760708e-01 1.50695038e-01 -8.99849699e-02 -1.21054653e-01 1.56856631e-01 1.74150332e-01 -2.17321567e-02 -6.13204773e-02 -3.39858756e-02 2.97874538e-01 -4.02586295e-02 -1.70424477e-01 -4.98549184e-02 1.07855563e-01 -1.00643185e-01 1.34844113e-01 1.36222411e-01 1.35319612e-01 1.24490179e-01 -2.48144961e-01 -5.91406694e-04 -2.19472192e-01 1.35408365e-01 -7.65775774e-02 -2.55950975e-02 -1.70489160e-01 -9.69430689e-02 -5.66828507e-02 7.16981804e-02 3.12809040e-02 -7.31027178e-02 2.42791647e-02 8.48019309e-02 5.56757291e-02 -3.61300056e-01 6.21541544e-03 -9.14395515e-02 -3.43394840e-01 -2.15440836e-01 -2.34579719e-01 -8.73938086e-02 -1.54328256e-02 -1.58731250e-01
 -3.44243608e-01 2.14719213e-02 1.20766657e-01 -4.48203229e-02 -1.20538643e-01 1.44833300e-01 7.67273978e-03 -4.13750170e-02 1.14139677e-01 9.38297545e-02 -2.86629390e-02 4.10586038e-02 -1.76795746e-01 -8.58287175e-02 -2.20113735e-01 2.13062287e-01 -6.21242561e-02 2.47223534e-01 -1.51119057e-01 4.94361167e-02 1.49559911e-01 -1.47918205e-01 -2.05234649e-01 -4.99089636e-02 1.48766022e-01 1.85024570e-03 -1.33913207e-01 2.04004709e-02 -1.08031234e-01 -2.04181668e-02 -1.99586257e-01 -1.50990309e-01 2.24745464e-02 6.66580763e-02 -1.17446491e-01 -3.12821819e-01 -1.88479169e-01 -4.29239453e-02 2.99162269e-01 -3.63117143e-02 -2.61230111e-01 1.29069706e-01 -4.66514065e-02 -1.98044839e-01 -2.01292307e-02 1.36096883e-02 -2.16473936e-02 2.04669448e-02 -2.63107110e-02 5.27370255e-02
 -2.98454937e-01 1.78360475e-01 1.89343214e-01 1.00528756e-01 1.41900523e-01 -4.60373539e-03 -2.01367621e-01 1.91524040e-01 -6.71116575e-02 -2.06623265e-01 7.56742633e-02 -1.70938748e-01 -3.42984710e-03 1.28842501e-01 1.10756050e-01 3.29822635e-02 1.66263768e-01 9.98324868e-02 -7.26769689e-02 9.10626049e-02 -9.33617780e-02 1.07255282e-01 -4.21798400e-01 -1.59843749e-01 5.86245896e-02 4.73949554e-02 -1.22024819e-01 2.61357226e-02 -1.94550238e-01 -2.37210879e-02 2.44121381e-01 -9.55609815e-02 -1.17078386e-01 8.30757574e-02 -4.97319208e-03 8.46557523e-02 3.00799741e-02 1.18260078e-02 -1.18406662e-01 5.79062695e-02 1.68781034e-01 -7.23360318e-02 -1.36236953e-02 1.59987685e-02 -1.79761786e-02 5.08985207e-02 2.66637768e-01 5.29939287e-02 1.05449839e-01 -2.28201758e-01
 7.61042054e-02 1.13399542e-01 5.94838819e-02 -1.24023335e-01 -1.90118415e-01 -3.60216511e-02 -3.06987076e-02 -1.37766074e-01 -1.59302130e-01 -1.14137916e-01 -1.38754538e-01 4.53149335e-06 2.33444176e-01 -2.00083736e-02 2.86419269e-02 1.25573574e-01 1.84752966e-02 1.81686473e-02 3.14427582e-02 -4.38291667e-01 -3.32609151e-01 -2.00125697e-01 -1.06777182e-01 1.09327565e-01 2.28506930e-02 -1.87088075e-02 3.62589183e-02 -6.45986563e-02 -2.08059613e-01 -5.77510287e-02 1.43888313e-01 -1.60893103e-01 2.89499237e-01 -2.10905098e-01 1.35815866e-01 -8.58194089e-02 -1.05419164e-01 2.08664978e-01 8.32968015e-02 -8.40787798e-02 1.08095324e-01 -8.88388650e-02 -1.15439911e-01 -1.45302165e-01 -1.20385783e-02 -2.79014518e-02 9.70627123e-02 -2.89323692e-02 -4.37411355e-02 1.36673002e-01
 2.11459618e-02 -8.04692466e-02 1.64227733e-01 -2.84233757e-01 9.36951030e-02 1.95203025e-01 -1.47188953e-01 2.02298438e-01 -9.41314396e-02 6.51691440e-02 -1.97447558e-01 1.04413594e-01 -7.00507193e-02 -2.04985888e-02 -7.00709963e-02 -1.15029456e-01 1.00919448e-01 5.92974035e-03 8.87341874e-02 -1.35051789e-01 2.71970115e-01 9.03819285e-02 -1.35216300e-01 -3.01652749e-02 5.10242199e-02 -3.17887889e-02 -6.58207729e-02 1.47515585e-03 1.45142656e-01 -2.09068347e-01 -3.17596220e-01 6.30908748e-03 8.13741736e-02 -3.93916891e-01 1.46362752e-01 -2.29757239e-02 1.36695891e-01 2.22710984e-02 -2.47812728e-01 1.82483666e-01 4.12890312e-02 8.28644519e-02 5.02177603e-02 -1.64261403e-02 -3.61413566e-02 -6.57968206e-02 2.16290740e-01 4.63916108e-02 -1.17496130e-01 2.67190102e-02
 -4.59740941e-02 1.70500119e-01 2.63422341e-02 -2.14265763e-01 -8.08705770e-02 9.18945327e-03 -2.20766889e-02 3.72803447e-01 3.46208267e-01 8.11673620e-02 1.65869394e-01 -1.53913143e-01 5.13561661e-03 -3.23220009e-02 -3.36469792e-02 -4.70825785e-02 2.01964609e-01 2.89301801e-02 1.39771356e-01 -1.09951993e-01 3.62653252e-02 -4.05171155e-02 2.22832540e-01 -1.80602918e-02 1.21956299e-01 -3.09012834e-02 2.33705112e-01 9.30364961e-02 1.89499090e-02 -1.46375510e-01 9.06840142e-02 -1.24896718e-01 -8.29744708e-02 -1.55385924e-01 -3.26096017e-02 6.71030237e-02 -2.46204758e-01 1.95196545e-01 8.81799632e-02 -3.42715650e-02 5.96774824e-02 2.42785955e-02 1.11870244e-01 2.89754050e-02 1.84428264e-01 1.78672305e-01 -2.03079208e-01 1.96070466e-01 1.77918321e-01 -6.40430700e-02
 1.36335141e-01 -2.55011254e-01 -1.14734744e-01 1.00545060e-01 -2.36934649e-01 2.35770980e-01 -2.88060912e-02 -4.32059511e-02 1.36040381e-01 -1.62204779e-02 -4.16726720e-02 -1.38506803e-01 2.28144782e-02 1.04850950e-02 -1.44277941e-01 -1.77113595e-01 -5.50979919e-02 1.46074519e-01 1.38078199e-01 -1.76056114e-02 -2.28061943e-01 -1.11187177e-01 -1.77347062e-01 -4.16005024e-02 -4.07674163e-02 -1.19185415e-01 2.07641152e-02 5.97077663e-02 2.12793785e-01 1.81582877e-01 1.32654990e-01 -8.53292360e-02 -1.58079429e-01 -1.31728397e-01 -1.45872229e-01 1.39908810e-02 -9.29697744e-03 -3.84810987e-02 -9.53098714e-02 2.04049485e-01 -1.01754090e-01 -1.35252846e-01 -3.42886280e-02 -1.87181417e-01 -1.05095630e-01 2.29766258e-01 -9.17981271e-03 1.32267128e-01 -2.95121263e-01 -2.69075245e-01
