 -1.08536276e-02 -5.00482190e-02 -2.78664100e-01 -4.66755988e-02 -1.05760199e-01 7.45158075e-02 -2.84136491e-02 -1.02656826e-01 2.20966603e-01 -6.62115157e-02 -2.29637604e-01 -1.34907147e-01 1.90343022e-01 1.44547644e-01 7.35004050e-02 -1.34110628e-01 -6.56023608e-02 -1.20712228e-01 2.68215614e-01 1.84739117e-01 -7.64487850e-02 -4.96485120e-02 -2.29733529e-04 1.35812165e-01 4.80233552e-02 1.78523747e-01 1.74202233e-01 1.49135887e-01 -7.28231546e-02 -1.54254203e-01 -1.08827241e-01 1.49506928e-01 -2.00238922e-01 1.80597726e-01 -5.26013913e-02 -8.48042460e-02 -8.01646040e-02 -2.58136659e-02 1.58639993e-01 -1.54561598e-01 -2.02685233e-01 -1.08362139e-01 -1.54061931e-01 -1.94993689e-02 -1.39039718e-01 8.88672058e-02 2.13832466e-01 4.03152670e-03 2.48327913e-01 1.80708218e-01
 4.59763926e-02 2.61736277e-01 2.14878147e-02 -1.86503462e-01 -9.50324642e-02 -1.97123307e-01 -5.66008772e-02 -2.22438765e-01 -1.69775894e-01 1.13849755e-01 -1.59175854e-02 6.70430690e-02 4.82218726e-02 -5.94076478e-02 1.35695309e-01 1.32100472e-02 1.07941964e-01 -3.38532396e-02 1.24905741e-01 -4.61987223e-02 5.70179729e-02 -9.81551153e-02 -1.93947922e-01 1.44305475e-01 -2.58455024e-01 1.18647419e-01 1.16261324e-01 -9.47926664e-02 1.54545756e-01 -1.29296069e-01 -8.78915908e-02 -1.25933556e-01 -1.18136013e-01 -1.16599353e-01 4.30117826e-02 1.99109413e-01 -2.29431627e-01 5.54300187e-02 2.88460735e-01 1.89237712e-01 -8.23415601e-02 -1.40887898e-01 8.16326520e-02 1.84410070e-01 2.40195835e-01 1.04919509e-01 -1.09122274e-01 -1.71189702e-01 -1.26247945e-01 1.27403021e-01
 4.26944958e-03 1.16385203e-03 -4.43361102e-02 3.75535426e-02 9.63901656e-02 -8.22313940e-02 -6.29014566e-02 1.45144189e-01 1.57893763e-01 -2.45067970e-01 2.77619467e-01 8.69472707e-02 -2.04708898e-01 -2.44958278e-02 1.68239621e-01 -1.09528625e-01 8.23804487e-02 -3.88262563e-01 -8.27499653e-03 2.71375827e-01 9.80679911e-03 2.42297951e-01 -5.87167002e-02 2.40937693e-01 -1.50083125e-01 -1.43512472e-01 1.88471814e-01 1.28792286e-01 1.40978707e-02 3.98183647e-02 1.84747151e-01 -1.08703907e-01 -1.73903354e-02 1.80548268e-02 6.03876135e-02 5.92987512e-02 6.43170045e-02 -1.17283294e-01 -2.44294250e-02 2.04392096e-01 -1.68000688e-02 -1.69481796e-01 -7.08564577e-02 -1.73442290e-02 -5.41448960e-02 1.18990390e-01 1.07698415e-01 1.83901433e-01 -1.94645189e-01 -7.62040137e-02
 -1.90215182e-01 1.28830031e-01 -2.80936332e-02 3.19294500e-02 1.63028732e-01 5.38299321e-03 2.96519477e-01 -8.89643156e-02 -3.42173590e-02 -5.83366332e-02 1.01467185e-01 -5.59280983e-02 1.98605076e-01 1.55560796e-01 3.03901026e-01 -1.63293447e-01 1.58028231e-01 3.16307510e-02 9.27255027e-02 -8.92391193e-04 8.35451744e-02 1.56246073e-02 -1.22093170e-02 -1.19518882e-01 1.29808937e-01 -4.44826803e-02 -2.19165801e-01 1.20043462e-01 -1.18647589e-04 4.02190441e-02 1.10870206e-01 1.64518088e-01 1.49858889e-01 5.47558305e-03 1.17555301e-01 1.69871370e-01 -3.24864307e-01 -2.85142984e-01 4.71268853e-02 -9.63023506e-02 3.98593086e-02 1.39521406e-01 2.66738162e-01 1.16526784e-01 3.88432465e-02 1.34390404e-01 9.83788837e-02 1.66790731e-01 4.83805626e-02 -1.23020004e-01
 1.12271710e-01 -7.66649561e-02 -1.98836660e-01 1.48301564e-01 4.95744340e-02 -1.41303003e-01 -2.15565284e-01 8.43478919e-03 -3.68044018e-01 9.94606921e-02 2.78557150e-01 -1.51416851e-01 1.57556131e-01 5.27758063e-02 -1.26991925e-02 -2.63498431e-01 2.07679025e-01 -5.66653223e-03 -5.64439924e-02 -3.42383059e-02 -4.81393315e-02 -1.05878560e-01 -5.27321848e-02 1.42907694e-01 -2.61537904e-02 -1.41742059e-02 7.49757634e-02 -4.23325133e-02 -1.80028886e-02 2.37012786e-01 3.61699066e-02 1.49095538e-01 -1.00728867e-01 2.02058071e-01 -7.96962980e-02 -2.31387115e-02 2.27964261e-01 1.44711119e-01 -1.36087926e-01 -8.77129482e-02 4.93830833e-03 7.44423031e-02 1.47296960e-01 -9.29025411e-02 2.86417032e-01 1.72705866e-01 1.12370595e-01 -4.75304670e-02 1.19341181e-01 3.87089378e-02
 1.75296730e-01 -1.18130907e-01 -1.30799799e-01 1.23077170e-01 2.67232437e-01 9.01814876e-02 1.06506778e-01 -1.20075093e-02 3.15739698e-02 -2.78797312e-02 -1.77392613e-02 -1.07324610e-01 2.62261721e-01 -4.56732210e-02 3.48326816e-02 1.08457129e-01 -9.49736828e-02 -2.65638104e-01 2.15615399e-02 3.61820069e-02 -1.99988343e-01 1.24632470e-02 -1.54954385e-01 4.33161065e-02 -9.78424719e-02 -5.78937718e-02 9.29117822e-02 -1.90362525e-02 2.07784491e-01 -2.20003744e-02 8.82249766e-03 -7.78052855e-02 1.61975776e-02 -1.45668939e-01 1.11213857e-01 3.64330187e-01 3.73944479e-02 8.87541380e-02 -1.60715866e-02 -2.20444069e-01 -1.05335372e-01 1.66173220e-01 -8.37102067e-02 -5.23601417e-02 1.06860596e-01 -3.48433696e-01 -2.66075508e-01 2.10181334e-02 1.39808553e-01 -1.36695556e-01
 -1.20668103e-01 -6.74655910e-02 1.78928827e-01 -1.10565544e-01 1.46768999e-01 3.14361772e-01 6.55097615e-02 -1.84599263e-01 -8.02509935e-02 -2.91885258e-01 -1.11118767e-01 3.08967029e-02 1.86262913e-02 1.30041316e-01 -4.90723672e-02 2.37000341e-01 8.26987998e-02 6.45831163e-02 7.68354022e-02 -5.62874198e-02 2.18176825e-02 -4.26406795e-02 -5.63966306e-02 2.56556888e-01 -1.93261654e-01 -1.86740011e-01 5.11984335e-02 1.12427480e-01 1.25531168e-01 1.81764727e-01 -2.77731997e-01 1.53294089e-02 1.58978393e-01 -2.22686561e-02 -1.56220874e-01 -1.79221290e-01 -7.86864828e-02 1.79644708e-01 -4.46407301e-02 1.19970914e-01 -8.84310790e-02 1.55200008e-02 -4.84819093e-03 -1.12043618e-01 1.95570296e-01 8.25663230e-02 2.03494986e-01 7.12565817e-02 8.70189563e-02 -1.87628256e-01
 1.98849126e-02 -1.40758457e-01 3.91220922e-02 -1.75765350e-02 3.04605517e-02 1.65397064e-01 -4.23454106e-02 2.06485918e-01 6.53306458e-02 -4.91386855e-02 -1.61563165e-01 -1.19022228e-01 -6.64183193e-02 -1.26663395e-01 -1.14648340e-01 -1.37982505e-01 3.73262939e-02 1.34551094e-01 1.04027036e-01 -4.20615562e-02 -2.83442776e-02 7.40766195e-02 9.81755191e-02 3.95649338e-01 -1.86394635e-01 -8.19473845e-03 -2.06339724e-02 -9.89467831e-02 -1.23644118e-01 -7.19320885e-02 -1.80625442e-01 3.55631256e-02 -5.49274496e-02 1.11292318e-01 2.85159277e-02 1.61761614e-01 4.27590274e-02 -1.14737465e-01 1.28808886e-01 -1.91665538e-01 3.89398409e-01 -1.67558711e-01 3.94677329e-01 1.64891099e-01 -3.21555239e-02 -6.35391397e-02 -1.10851763e-01 6.02821129e-02 -2.92519520e-02 -8.05947355e-02
 -8.36927299e-03 3.34585616e-01 2.17981689e-01 4.72317565e-02 -5.76993179e-02 1.00638607e-01 -2.55538424e-03 -4.13137545e-02 -9.53580444e-02 1.06737546e-01 3.15712342e-02 1.23234910e-01 3.52428490e-02 1.55747327e-01 -1.30681182e-01 1.10999362e-01 -8.76453000e-02 -2.89620053e-01 -8.24215332e-02 -1.07581737e-01 -2.88749021e-01 5.73755941e-02 -4.89758605e-02 -2.65165199e-02 7.86107161e-02 -3.68584551e-02 6.95134948e-02 -9.29347208e-02 -2.54580646e-01 -5.45102043e-02 9.63454185e-02 9.90533113e-02 -1.38119510e-01 -5.91660851e-02 2.04915483e-01 2.80755896e-02 4.60067777e-02 1.04368554e-01 2.76771857e-01 -1.12759756e-02 1.38984754e-01 -8.54331868e-02 1.90065412e-01 -2.64332280e-01 -5.43073159e-02 -3.27704297e-02 2.83781951e-01 -1.21999419e-02 1.40231504e-01 -1.78434257e-01
 -1.28556016e-01 -1.32912248e-01 2.87277506e-01 -2.63344618e-02 3.63175750e-03 -2.79481700e-02 -8.13176473e-02 1.14515767e-01 -1.14994604e-01 -8.44715617e-02 1.58200376e-01 -2.66210332e-01 2.40033269e-01 2.55528567e-01 2.27947787e-02 8.76570322e-03 1.62120812e-01 -3.01417038e-02 -1.59441310e-01 -1.07754070e-01 2.58393543e-01 1.90366777e-01 7.74011111e-02 -6.36587393e-02 -1.61346644e-01 4.90692594e-04 -3.59120949e-03 6.03409856e-02 -2.79139438e-01 -2.04163315e-01 -4.55417270e-02 -1.21714408e-01 4.12622964e-02 -4.94337319e-02 -1.64897435e-01 7.62405074e-02 1.77866356e-01 -1.48531564e-01 2.54046303e-01 -3.92344809e-02 -1.48468802e-01 -1.30296153e-02 -1.93722449e-01 9.24952676e-02 4.11341737e-03 -1.65357729e-01 3.36841680e-02 -1.48801393e-01 5.11770116e-02 1.93153819e-02
 -1.17485075e-01 -5.96348307e-02 -5.09560856e-02 -1.18786049e-01 3.78024660e-02 1.65877811e-01 -9.90758579e-02 2.26580611e-01 -1.02023814e-01 -2.63027131e-02 -3.61395197e-02 -1.63350959e-01 1.35405298e-01 1.43209069e-01 1.15380904e-02 -3.46583273e-05 -9.27658867e-03 -1.19993347e-01 -1.36846549e-01 -1.19721778e-01 4.88810972e-02 3.87834635e-02 2.24284630e-01 -5.14829805e-02 1.25412820e-01 1.85918928e-01 -6.02713882e-02 7.59441419e-02 2.83608066e-01 4.55247953e-02 -5.09538147e-03 -2.26258705e-02 -2.05253602e-03 7.48114286e-02 3.27066027e-01 4.11761769e-02 -1.25447900e-01 3.88621702e-01 -2.97633255e-02 -1.21537862e-01 -9.13599349e-02 -2.44235179e-01 1.71943978e-02 5.71658053e-02 -7.32148199e-02 6.07182215e-02 9.17467462e-02 -5.59437276e-02 -4.00942326e-01 -3.22103385e-02
 -9.01726822e-03 -4.30296927e-02 -7.29436285e-02 3.94256519e-02 1.80990910e-02 -9.50277869e-02 -1.05472720e-01 -2.76793513e-02 -1.42050405e-02 1.98025879e-01 -1.01895487e-01 5.54690983e-02 -2.26563016e-01 1.92793339e-01 2.39052378e-02 4.90385455e-02 1.56610130e-01 -5.73931518e-02 -5.94419982e-02 7.22019841e-02 7.12440474e-02 -2.57407446e-02 -2.56234747e-01 -2.48108292e-01 -7.83584791e-02 -5.31432167e-03 4.05834611e-03 4.36694330e-01 -4.50506427e-02 1.19049951e-01 -1.03172936e-01 -1.57702887e-01 5.17584209e-02 -2.32791239e-01 -6.30099286e-02 1.93869493e-02 -4.56905762e-03 1.42511306e-01 -8.55975097e-02 -2.75125891e-01 2.13334938e-01 -3.35246282e-01 8.51460041e-02 1.35717324e-01 -7.42238377e-03 -6.49419051e-02 3.32324393e-02 1.11194658e-01 1.98264966e-01 4.77361496e-02
 -2.38775692e-01 1.99419019e-01 4.42507058e-02 1.30140725e-01 1.68243103e-01 -1.03708990e-01 3.85294311e-01 8.15569411e-02 -3.71048930e-03 8.42590797e-02 -9.28735676e-02 -2.21452630e-01 -1.43197375e-01 -1.21724152e-02 6.65156716e-02 3.83104811e-02 1.84684756e-01 1.20081272e-02 1.55423424e-01 -1.87496033e-01 -4.85654162e-02 -2.03255836e-01 -1.30920351e-01 1.12803353e-01 7.53599985e-02 4.13433338e-02 2.09508812e-01 1.26653509e-01 7.70634069e-02 -1.29134233e-01 1.55559536e-01 -9.35133729e-03 -2.05511511e-01 9.09500262e-02 -7.47333251e-02 -2.87410071e-01 2.30657939e-01 -2.86312504e-03 -2.53269072e-02 -7.24296846e-02 5.24229954e-02 -1.47631809e-02 -8.26959803e-02 5.42370250e-02 4.49650639e-02 -1.83052658e-01 -2.47772538e-02 -5.81942751e-02 -2.27113260e-01 -1.25921291e-01
 2.13965075e-01 -1.32616730e-01 -5.57419236e-02 1.16882904e-02 -1.09460386e-01 -5.72783392e-02 1.18181768e-01 6.14435392e-02 8.18671484e-02 -1.49883925e-01 3.97832040e-02 2.02402199e-01 -3.35902848e-01 4.89746154e-01 5.19419854e-02 -1.73099529e-02 1.07574401e-01 -3.66442180e-02 -1.38962169e-01 -2.35986186e-01 -2.46770872e-02 -2.54643513e-01 1.63107909e-01 1.72464953e-01 -1.22014363e-03 1.49741324e-01 -5.62681401e-02 -4.73821033e-02 2.34973033e-02 1.07582344e-01 1.11873903e-01 -1.70566239e-01 -1.12595230e-01 1.68006294e-01 6.15908044e-03 7.46893156e-02 -1.48817680e-01 2.41412638e-02 1.28730263e-01 1.18267375e-03 -2.74555064e-02 1.57956688e-01 -5.02869215e-02 6.58808631e-02 -3.01893153e-02 -4.71080534e-02 -1.27357446e-01 -4.10270164e-02 1.76822800e-01 -1.04908045e-01
 3.15134550e-02 -3.66914964e-02 2.37145175e-01 -4.79927868e-02 -1.55271466e-01 1.48518082e-01 -7.76042614e-02 -1.98833959e-01 1.11899216e-01 6.60752066e-02 1.39615440e-01 -3.61601178e-01 -3.58098424e-01 7.05698260e-02 -1.34088910e-01 -1.12075090e-01 9.67932744e-02 5.25507904e-02 7.06504881e-02 1.91410260e-01 -2.78601299e-01 -3.53475707e-02 1.24901509e-01 -1.18235311e-01 -1.21091225e-01 -1.03455649e-01 -1.46003678e-01 -1.57445194e-02 2.04081191e-01 -8.56573255e-02 1.92714227e-01 1.58735881e-01 -5.55525820e-02 -1.25413687e-01 -1.46091702e-01 9.29802669e-02 -6.18192787e-02 -8.32725807e-03 9.70544334e-02 -2.37593218e-01 -1.35627448e-01 9.00828804e-03 -3.67036335e-02 -9.22392302e-02 1.48476587e-01 7.35343959e-02 -2.04766449e-02 5.51661567e-02 -1.34359712e-01 1.34427445e-02
 7.04959480e-02 4.12602827e-02 1.32784673e-01 -2.12958017e-01 1.53534508e-01 2.49147477e-01 2.57630007e-01 1.46274596e-01 1.27582513e-01 1.61122231e-01 8.33466461e-03 5.75948998e-02 2.55597363e-03 -6.43364993e-02 1.28053431e-01 -3.83687050e-01 3.20342220e-02 6.09723795e-02 6.06168703e-02 -7.11870366e-02 -1.25427660e-01 -2.75605464e-02 3.87373000e-02 -1.37919947e-01 -1.43006233e-01 -7.73621903e-02 -2.45315883e-01 1.48659061e-02 -7.34673132e-03 1.22110650e-01 -1.25914863e-01 -1.49136159e-01 -2.71264676e-01 -3.55257541e-02 1.32453238e-01 1.10050975e-01 2.29112250e-01 4.28206407e-02 -1.35545659e-01 2.41786228e-01 -9.91432526e-02 -1.23905652e-01 -1.11741638e-01 4.00140237e-02 4.97969710e-02 8.14528477e-03 1.32180540e-01 -9.41112784e-02 1.98248131e-01 1.00198899e-01
 1.43024711e-01 -6.41950582e-02 -1.34175673e-01 1.52907462e-01 -6.24495357e-02 1.51189184e-01 1.03508490e-01 1.75230217e-01 -1.39040123e-01 -8.24334082e-02 -4.21496105e-02 8.44873853e-02 1.27935477e-01 4.18710081e-02 -2.69277200e-01 -6.77383640e-02 2.04691685e-01 2.87175662e-01 1.55328544e-01 6.01343008e-02 -4.85972703e-02 6.69573760e-02 1.59864438e-01 -3.09433134e-02 1.49789834e-01 -7.76353421e-02 3.23457781e-01 -3.68460851e-02 -3.75830643e-02 -4.78878496e-02 2.52322682e-01 -1.46944097e-01 -4.46577953e-02 -4.54779051e-01 8.77830031e-02 -7.12941062e-02 -6.77343340e-02 2.07893440e-04 6.19111791e-02 8.00719041e-02 -1.20280868e-01 -9.07580545e-02 2.66572949e-03 1.77304687e-01 7.63411001e-02 1.17970468e-01 2.37346156e-02 7.00109221e-02 7.62938703e-02 -7.14045153e-02
 5.44545549e-02 1.44950461e-02 1.92707331e-01 1.00875988e-02 -7.16117869e-02 6.43290420e-02 -7.76896506e-02 -3.19163226e-02 1.05454350e-01 8.00311791e-02 -1.44941309e-01 -1.58412648e-01 5.34292023e-02 -7.88811026e-02 -1.34918159e-01 -1.75513068e-01 4.68635950e-02 -2.11579691e-01 -1.75675021e-02 -8.07980247e-02 -1.30150698e-01 -1.44082192e-01 -1.41976770e-01 -7.53539244e-02 1.34556759e-01 1.45212148e-01 1.11754802e-01 5.34728570e-03 -2.09840904e-01 3.23072814e-01 -1.66183057e-01 -2.81177004e-01 2.16151707e-01 1.02804477e-01 1.31315345e-01 -1.34928932e-01 4.42484899e-02 -1.55664249e-01 1.47635418e-01 6.56896757e-03 -2.12857403e-01 1.06104155e-01 2.06192814e-02 1.14553177e-01 1.02401132e-01 1.26165511e-01 -1.74473263e-01 3.27076621e-01 -1.48896936e-01 -2.33792857e-02
 7.39983248e-02 -6.56564402e-02 -7.20419674e-02 1.20377595e-01 -1.37255123e-01 2.04704448e-02 8.70247566e-05 9.17412515e-02 2.28389346e-01 9.53876859e-02 2.18546485e-01 -1.68227550e-01 -1.57418813e-01 -2.59459296e-02 1.35124714e-01 3.34639541e-01 8.29480420e-02 -4.54033888e-02 2.24363559e-01 -8.55799797e-02 -1.82057630e-02 9.90551305e-02 -6.01998155e-02 -9.53021969e-03 -5.38142367e-03 -2.03417395e-01 2.60489455e-02 -3.60863104e-02 -5.92227051e-02 1.01431673e-01 -1.86599465e-01 3.53134979e-02 5.81504467e-02 -7.02270591e-02 2.69115320e-01 -7.12949312e-02 7.98095732e-02 1.13418551e-01 5.06417991e-02 -4.00712468e-02 -8.69618435e-02 3.03258442e-01 1.54179015e-01 3.10379203e-01 -9.08204718e-02 9.22079231e-02 1.80008857e-01 -2.85431440e-01 1.29811183e-02 1.28351307e-01
 1.88079439e-04 -2.09399922e-02 1.81450269e-01 -1.45461159e-01 -9.23245399e-03 -3.85526625e-01 -1.56469003e-01 2.37652421e-01 2.98077140e-02 -6.30911036e-03 -3.21886660e-02 4.77118343e-03 1.17328109e-01 2.08183774e-02 9.15773145e-02 1.11031689e-01 8.07201815e-02 -3.77735361e-04 3.87482702e-01 -1.72545447e-01 -3.15238619e-02 -1.14819474e-01 -1.53244953e-02 1.87424016e-01 5.45685568e-02 4.87320785e-03 -2.74560908e-01 -9.83886331e-02 4.28529218e-02 3.59435239e-02 6.62984520e-02 3.09417359e-02 2.56596005e-02 -2.58770407e-01 -7.21741226e-02 3.29372901e-02 1.28553160e-01 9.09426974e-02 -6.49620460e-02 -7.01015240e-02 -2.07318798e-01 -9.20871176e-02 4.87355480e-02 -1.78676034e-01 -2.51399362e-01 1.00850200e-01 -5.18189754e-02 2.51787168e-01 9.26226373e-02 -6.88690608e-02
 1.07054611e-01 5.21278789e-02 8.37512604e-02 -1.67153656e-04 1.80974184e-01 -1.21394048e-01 2.54249840e-02 5.75046123e-02 -1.03805776e-01 -4.19596203e-01 -1.97801409e-01 8.98606135e-03 -2.06917496e-02 -4.75683510e-03 1.47942162e-01 -1.38083685e-02 -1.17041744e-01 -1.85810460e-02 -1.09996242e-01 8.28383784e-02 -2.36903972e-01 -7.32401686e-02 3.53504446e-02 -7.54094304e-02 -1.10395444e-01 2.79148688e-01 -6.21385908e-02 2.68213784e-02 -1.24120922e-01 -6.40926767e-02 -3.11087370e-02 9.65803594e-03 -3.20744998e-02 -2.87388586e-01 -3.25097297e-02 -6.37751632e-03 1.63092849e-01 8.35878428e-02 -2.76696058e-03 -1.36852376e-01 2.35161305e-01 3.00104737e-01 -6.96318483e-02 1.30552308e-01 7.13615492e-02 2.54560386e-01 1.54094766e-01 -9.65399765e-03 -1.48375000e-01 2.05073609e-01
 -6.24471850e-02 4.70941296e-02 -8.61909255e-02 -2.09499312e-01 -1.71650833e-01 -7.05258403e-02 -4.63256883e-02 -1.71764544e-03 1.46522708e-01 1.41352079e-01 -1.25183610e-01 1.50906608e-01 7.56988548e-02 -3.66256915e-02 1.68662894e-01 -1.61243539e-01 2.26925538e-01 -1.78212489e-01 -2.42935545e-01 1.05874864e-02 8.48157624e-02 3.50431428e-02 2.27682839e-01 -1.35310154e-02 2.26299784e-02 -1.38192488e-01 1.83847984e-01 -1.73511052e-01 8.29814204e-02 1.28791683e-01 -2.76543766e-01 1.86614813e-01 -2.15028598e-01 -3.03185103e-01 -1.59215383e-01 -9.61010376e-02 -1.70058589e-03 -4.78062718e-02 -2.59237714e-02 -1.66141291e-01 2.53886908e-02 1.98900497e-01 -2.98316713e-02 3.80991471e-02 -3.24637147e-03 -1.18740526e-01 4.96273058e-02 5.05694241e-02 -1.14587318e-01 -2.55600548e-01
 -3.16274106e-01 -6.71600676e-02 -1.45270117e-01 -1.10649426e-01 -4.29105197e-02 -1.25647532e-01 1.78661870e-01 -6.78468825e-02 -1.57516008e-02 1.83371974e-01 2.20481907e-01 1.79802686e-01 9.66185378e-02 3.82530853e-02 -1.94701598e-01 5.29487475e-02 1.15842963e-01 2.36743961e-02 -6.39674576e-02 4.05502812e-02 -3.09938252e-01 1.46208122e-01 9.10298047e-02 3.91586296e-02 -2.62048167e-01 1.53510377e-01 -7.27942300e-02 -1.02428126e-01 1.51985028e-01 -1.40601335e-01 -5.18374992e-02 1.34723825e-02 2.09858994e-01 9.97855874e-02 1.15507182e-01 -1.38280888e-01 1.50494762e-01 1.01955461e-01 1.03415679e-01 -1.76099249e-02 9.52523295e-02 4.96609730e-02 -1.69549375e-01 2.32086146e-01 -4.82727068e-02 4.85114846e-02 -1.50465031e-02 3.02172525e-01 1.38323306e-01 2.97974448e-02
 -1.10626747e-01 1.99071374e-01 1.55075730e-01 -7.32915042e-02 1.35281120e-01 -1.36410118e-03 -5.79077715e-03 -2.59821792e-01 5.64160121e-02 -8.63087997e-02 1.16498571e-01 -1.51011705e-01 3.69701375e-03 4.27732380e-02 3.25011509e-02 2.09459450e-02 6.28514594e-02 -5.71969977e-02 -5.28816858e-03 1.51512586e-01 7.38437388e-02 1.13146917e-01 2.06803176e-01 1.28758602e-03 7.33406361e-02 7.87249211e-02 1.62045714e-01 -1.74089533e-01 -1.48403419e-02 -9.75215643e-02 -5.58603514e-02 -3.47032113e-01 -1.15143226e-01 2.68626986e-02 7.11596923e-02 -1.05844957e-01 4.10170377e-03 8.85878060e-02 -3.31958209e-01 -1.65358797e-01 3.84681652e-02 -1.17386871e-02 1.53889478e-01 -2.85007488e-02 -1.49959286e-01 2.70972937e-01 -3.03838654e-01 -1.37062984e-01 2.76467856e-01 -6.82004613e-02
 -2.00695508e-01 -7.58642673e-02 -6.21070624e-02 -2.51917505e-02 -1.39417343e-01 2.75048761e-01 -1.34071334e-01 1.65509909e-01 4.92494711e-02 1.19749615e-02 1.00808258e-01 1.57052409e-01 3.47755266e-02 1.81171767e-01 1.29074265e-01 5.21713469e-02 -1.40753535e-01 -2.72045364e-01 8.07664749e-02 -2.07531079e-01 -1.15970168e-01 -7.17213945e-02 2.98865181e-02 -2.84686591e-02 1.48356317e-01 -4.25449475e-02 -7.76652059e-03 1.08048382e-01 1.18512177e-02 -3.10702818e-01 -3.32031535e-02 1.04307645e-01 1.03867879e-03 -1.21407885e-01 -1.31295997e-01 -9.00564270e-02 1.10090469e-01 -1.16422459e-01 -1.62946105e-01 1.20978169e-01 4.08803893e-02 -2.41667287e-02 1.67179709e-01 3.11711545e-02 3.55449040e-01 1.22342915e-01 -3.16441784e-01 2.39214569e-02 1.09552890e-02 1.73250464e-01
 -9.52623808e-03 -9.02878852e-02 -1.09090212e-01 8.62045448e-02 1.60123280e-02 -2.68933840e-02 -1.06267630e-01 -2.08584106e-01 6.37938320e-02 -2.49194614e-01 -7.54418146e-02 -1.76012548e-02 4.58626354e-02 1.00865626e-01 -1.36857604e-01 -2.95018143e-01 2.28393547e-02 -1.47340929e-01 -2.40412629e-02 1.24213709e-01 1.26147982e-01 -6.88164843e-02 -2.47735880e-01 -5.13595574e-02 -2.88105540e-03 -9.72517730e-02 -3.64604452e-01 -1.68634056e-01 1.01276846e-01 -1.68854160e-01 6.94685665e-02 -3.35467366e-02 -3.52258944e-02 -1.18099489e-01 1.07091975e-01 -3.74391758e-01 1.20848719e-01 1.37321849e-01 1.07360350e-01 1.44091963e-01 -4.36089383e-02 9.28313412e-03 2.51738697e-01 1.44050499e-01 -7.33485518e-02 -2.18188812e-01 -1.90544701e-02 -8.03317750e-02 -1.19549702e-02 -9.66581500e-02
 6.43231449e-02 2.30455286e-01 -1.17530157e-01 -9.35917579e-02 -1.30426724e-01 2.11512871e-02 5.22912157e-02 2.00355489e-01 -2.56889525e-01 -4.37759543e-02 -2.64369577e-01 -5.64884234e-02 -9.11426062e-02 1.91446932e-01 -4.31095538e-02 2.24545556e-02 1.69447164e-01 -1.89601576e-01 2.54933292e-01 7.01845475e-02 1.85816639e-02 2.38786654e-01 8.92021886e-02 -1.12702916e-01 -2.35238561e-01 -1.83485610e-02 -5.10202269e-02 -2.11588813e-01 2.72456457e-02 9.57377124e-02 3.48732572e-02 -9.72723474e-02 1.46035402e-01 9.61925008e-02 6.55184164e-02 -1.43739126e-01 -8.68791032e-02 -1.69348916e-01 -1.99898311e-01 -5.37929611e-02 2.10754634e-02 8.46203066e-02 2.89037566e-02 -1.82857956e-01 9.14627382e-02 -2.60345828e-01 2.55492997e-02 6.00294586e-03 -1.21944615e-02 2.86051408e-01
 -8.41008735e-02 1.10506443e-01 -1.12319611e-02 -4.85830769e-02 4.30679308e-01 1.94818274e-01 -1.83851707e-01 1.32207036e-01 -3.81303101e-02 1.66709921e-01 2.07794880e-01 3.25988785e-01 -1.79480136e-01 6.04405394e-02 -6.15967052e-02 -3.20456771e-02 -2.35217511e-03 8.06219845e-02 2.18398992e-01 2.56535378e-01 1.80174601e-01 1.59082026e-02 -5.18675520e-02 1.01267909e-01 1.23290220e-01 1.88710948e-01 -1.07102959e-01 -6.92319725e-02 -1.58936729e-01 2.83345674e-02 -1.00576784e-01 4.10703044e-02 -4.70388854e-02 -4.79929144e-02 3.48523660e-02 -1.08484683e-01 -4.55653444e-02 3.16469257e-02 1.94278768e-01 -2.48123580e-01 -1.30823772e-01 1.39911427e-01 -1.25258972e-01 -3.92163614e-02 1.15743578e-01 -8.11678181e-02 -8.42738522e-02 -4.90701096e-02 -1.01053296e-01 -1.03747848e-04
 -1.37246338e-01 1.01939247e-01 -3.44564374e-02 2.70969531e-02 -8.58518189e-02 6.67669004e-02 -1.14338216e-01 2.67869448e-01 -1.64245489e-01 1.11107349e-02 2.50247068e-02 -2.13761491e-01 8.50234182e-02 2.65320143e-01 1.22559066e-02 2.06367116e-01 -6.47391120e-02 1.07562694e-01 -4.62323198e-02 4.13686777e-01 -1.40500459e-01 -2.28927141e-01 -1.96508870e-01 -5.35128600e-02 8.17575291e-02 -8.34534387e-02 -7.21946477e-02 -1.46710135e-01 1.40005357e-01 1.34531212e-01 -1.95379274e-01 -4.91177152e-02 -2.21029703e-01 2.39294464e-02 -2.58102631e-02 7.32762699e-02 1.95485136e-03 -1.91734743e-01 2.35039610e-02 2.22348718e-01 1.76474866e-01 4.46074279e-03 -1.33475626e-01 1.10647368e-01 -1.45475181e-01 6.06309085e-02 -8.08893372e-02 2.64002538e-02 7.93700926e-03 -1.46616601e-01
 -3.84874800e-02 1.67542999e-01 -1.79234819e-01 -8.69222731e-02 -3.08800195e-01 -4.75186947e-02 6.77225577e-02 -1.31388444e-01 -1.27883641e-01 -3.46029999e-01 6.06208832e-02 6.56698326e-02 -1.33646456e-01 -5.22925683e-02 2.67714620e-02 2.17484858e-02 -5.35459142e-02 8.52713168e-02 1.92920776e-01 3.66684937e-02 -4.50640309e-02 1.07665485e-01 4.06304409e-02 -1.28409467e-01 9.57215115e-02 1.18815934e-01 -8.88627970e-02 5.58863929e-02 -1.95501603e-01 1.00011221e-01 -1.43062537e-01 1.28983569e-01 4.32534718e-02 7.46026801e-02 7.52332250e-02 1.97053340e-01 3.07613016e-01 2.07556383e-02 -6.62503804e-02 -8.71745922e-02 -1.62716691e-01 -1.94836885e-01 -7.15110278e-02 1.26734064e-01 1.66730794e-01 -1.03260502e-01 -1.15007104e-01 -8.02340480e-02 -3.49523532e-02 -3.76052593e-01
 -3.88901967e-02 -2.17463674e-01 -3.62451099e-03 6.25143313e-02 5.03763146e-02 2.83772320e-03 -1.66525523e-02 1.26513286e-01 -1.66278972e-01 4.39091868e-02 -3.73022044e-02 -1.81513227e-01 -2.88681156e-01 -1.40079110e-01 2.76623377e-01 3.67324555e-02 -2.50140228e-01 3.22159301e-02 -1.02475256e-01 -1.16078846e-01 7.01731342e-02 2.22986304e-01 -1.08816031e-01 -1.13866036e-01 -9.17972979e-02 3.19029323e-01 8.11800617e-02 -2.11762535e-01 1.64060748e-01 -5.92978011e-03 -1.41657758e-02 6.64202946e-02 -1.05418502e-01 -9.75621320e-02 9.25904122e-02 -2.20352809e-01 -6.57227269e-02 -1.54982193e-01 9.60722487e-02 2.62389167e-02 -1.53717327e-01 -8.72577166e-02 7.08006078e-02 -3.65862929e-02 1.27456449e-01 4.50317180e-02 8.32050549e-02 1.33237968e-01 2.89884360e-01 -2.07050877e-01
 -3.60464597e-01 -2.54505578e-01 -6.06513372e-02 2.78600827e-02 -2.07829825e-02 -1.72066935e-01 1.51376346e-01 -7.55712686e-02 -5.56504626e-02 -1.86336314e-02 -4.87933003e-02 -9.27005721e-02 -2.71112090e-02 -1.04965620e-01 -1.23026708e-01 9.84615220e-03 -1.60558884e-02 -1.54279498e-01 9.00443627e-02 8.86338995e-02 -2.15823413e-02 9.53353971e-02 2.20241324e-01 7.49816246e-02 7.26797955e-02 5.68951962e-02 -1.14257055e-01 2.08939224e-01 -4.68995679e-02 3.93368293e-01 1.17121775e-02 -9.99363355e-03 -1.56346577e-01 -2.04962524e-01 7.02554548e-02 -8.66382924e-03 -4.70867256e-02 2.41950468e-03 2.60023764e-01 1.73530706e-01 1.36474934e-01 4.02079511e-02 2.17705842e-02 -2.41979777e-01 6.52494710e-02 -3.01186076e-03 -2.16069217e-01 -2.28191090e-01 5.87045494e-02 1.32301996e-01
 2.42812247e-01 -3.17994962e-02 1.83128673e-01 1.17635019e-02 -7.55911223e-02 -1.55617571e-02 3.20956149e-01 1.58487528e-01 -1.04461193e-01 1.03512597e-01 -1.86019359e-01 7.73209343e-02 3.81609155e-02 -4.38378112e-03 7.37349558e-02 1.33468118e-01 5.82630602e-02 -8.27366445e-02 -9.17770144e-02 3.06382822e-01 1.03090607e-01 2.72920413e-01 -2.60402759e-02 -3.53531288e-02 9.55275270e-02 -6.76929416e-02 -9.32617294e-02 8.61728858e-02 -1.74197427e-02 -4.42095308e-02 2.84768815e-02 1.43427095e-01 -1.39178571e-01 2.30716370e-01 -2.16965948e-01 -4.29944405e-02 7.11354957e-02 3.29793485e-01 1.57886630e-01 3.70584126e-02 -1.52675463e-01 6.43796926e-02 1.84857866e-01 9.89460585e-02 4.86930554e-02 1.51259497e-01 -2.33508607e-01 1.37344800e-01 1.13468026e-02 2.12827568e-02
 -4.66273110e-03 3.96473517e-01 -1.49432071e-01 5.83276294e-02 -8.39314388e-02 5.30479063e-02 1.16352479e-01 1.91118219e-01 2.64827088e-01 -5.39078919e-02 6.05359772e-03 -1.63637156e-01 -3.23391037e-02 9.52694747e-02 -1.42908034e-02 -1.34902637e-01 -9.57164822e-02 1.35157253e-01 -1.93052186e-01 -7.41258889e-03 3.03161849e-01 -6.47426300e-02 -5.29777123e-02 8.49809178e-02 -9.56631169e-02 -1.86094775e-02 6.71171274e-02 -2.35649980e-02 1.40382329e-01 6.99477855e-02 -1.66372579e-02 1.51981101e-01 3.08169211e-01 -1.56447205e-01 8.75209719e-02 2.16260499e-02 2.16222535e-01 1.27796187e-01 2.23388385e-01 -1.99915638e-02 4.90076824e-02 -2.44824763e-02 -5.16292865e-02 -2.37566376e-01 5.26505497e-02 1.59843068e-01 -1.76710139e-01 1.32509822e-02 1.48431353e-01 1.02581767e-01
 -3.90097131e-02 -1.89844428e-01 1.24942071e-01 9.47678748e-02 -2.11195916e-01 7.90145750e-02 1.22461225e-01 1.02072295e-01 1.72872585e-01 1.00950992e-01 7.39339772e-04 1.95154915e-01 2.64182974e-01 -3.60800298e-02 1.38199123e-01 7.40501165e-02 -6.45749033e-02 -6.73161136e-02 9.64604559e-02 2.22278760e-01 7.15317288e-02 -2.54313446e-01 -1.82760378e-02 -8.82944475e-02 -3.40062237e-01 1.30881310e-01 -1.59378315e-02 -1.46673044e-01 -6.64927957e-02 1.42855040e-01 2.76412391e-01 -8.27253945e-02 1.26905609e-01 4.14038363e-02 -2.81481935e-02 -1.36166102e-01 1.22852488e-02 -3.02371673e-02 -3.43057671e-02 -2.15398688e-01 7.19881698e-02 -1.41167851e-01 1.83903579e-02 -5.27789548e-02 1.28908533e-01 1.32629416e-01 4.92004722e-02 -2.78884157e-01 -7.55643291e-02 -2.13663747e-01
 -1.14976235e-01 1.23871741e-01 -4.80003289e-03 2.74877076e-01 1.55673051e-01 -8.70075777e-02 -1.25674328e-01 -1.03014054e-01 1.26634494e-02 1.65985824e-01 -2.46197611e-01 -4.17702878e-02 -7.47846704e-02 2.04817051e-02 1.97364785e-01 1.47453491e-01 -6.51035324e-02 3.87878858e-04 -1.64528736e-01 2.13742363e-01 -3.82607694e-02 -2.10386022e-01 4.47466445e-01 1.92794915e-01 -1.10458575e-02 -9.38704966e-02 -9.36450866e-02 -7.52476247e-02 -1.39355960e-01 7.03924140e-03 7.00566337e-02 1.99391348e-02 1.36547676e-01 -2.73860944e-02 8.23400676e-02 5.08914829e-02 1.05210129e-01 6.83172820e-03 -5.14424400e-02 1.24528178e-01 -2.37127599e-01 -1.58091214e-01 6.95363172e-02 2.04169058e-01 1.74955874e-01 -1.66994104e-01 9.27878214e-02 8.19428129e-02 8.09893948e-02 8.03373850e-02
 1.52478334e-01 1.23799929e-01 4.21932462e-02 8.48634178e-02 -2.71085765e-02 6.80804133e-02 4.46199036e-02 -1.43978186e-01 -2.32904165e-01 1.48435940e-01 4.41712982e-02 -3.30079485e-02 6.82680507e-02 1.79013411e-01 8.66809673e-02 -1.62510447e-01 -3.97468371e-01 -2.32750076e-02 3.23389551e-02 -1.46817703e-01 -8.04733748e-02 1.77372642e-01 1.02393592e-02 2.50738572e-01 -1.69178526e-01 -1.56403018e-01 -6.31857080e-02 1.01967994e-01 -7.96130575e-02 2.14260757e-01 6.97347639e-02 1.45915145e-01 4.90682901e-03 -1.49008019e-01 -3.30205556e-02 -2.48131024e-01 -9.49621402e-02 -5.13029890e-02 -7.64524507e-02 -1.02772579e-01 -4.27063088e-03 -7.94282079e-02 -1.99012009e-01 2.46716153e-01 -2.43029354e-01 5.27893787e-02 -2.25566617e-01 -6.64116486e-02 -9.53653167e-02 -2.26654752e-02
 -8.14627111e-02 -9.07839511e-02 2.91203434e-01 -2.26598952e-01 -1.60130973e-01 -1.01008425e-02 8.85496525e-03 1.13238444e-02 -2.28077515e-01 7.91531784e-02 -3.84070706e-02 -2.93912936e-03 -1.19347021e-01 -1.88915087e-02 -6.56170035e-02 -2.09596683e-01 -2.45191272e-01 -1.77456998e-01 1.99130584e-01 1.51437049e-01 2.75658055e-01 -1.60323479e-01 3.54669149e-02 1.03343654e-01 1.82262831e-01 -2.60855301e-02 2.06258263e-01 6.37300748e-02 1.77273672e-01 -4.69783487e-02 1.35338383e-01 2.65768707e-02 1.77319963e-01 4.14267934e-03 1.09255570e-01 1.46840309e-01 1.19749826e-01 8.86198998e-02 -4.68347727e-02 9.92428638e-03 1.62212820e-01 2.28750803e-01 -6.61563373e-02 2.19427340e-01 8.19311727e-03 -9.64011338e-02 1.67507356e-01 1.54442325e-02 2.01320445e-01 -2.52740826e-02
 -3.34026489e-01 -6.88109327e-02 -2.00311172e-01 -1.22647766e-01 7.24647395e-03 2.74163339e-01 6.13614803e-02 -1.04151629e-01 -9.16513692e-02 5.80044896e-02 -1.71211920e-01 3.03384055e-02 -1.36901488e-01 3.47662964e-02 -4.01988943e-02 4.09402964e-02 3.78764483e-02 -3.81744213e-02 -1.43684904e-01 -6.55073659e-02 3.97094307e-02 2.81932491e-02 -2.65225425e-01 7.80554583e-02 -4.32826449e-02 7.61523243e-02 5.14780424e-02 -2.27633813e-01 -1.40067465e-01 1.42702077e-01 2.76606094e-01 3.46690549e-03 -1.20770423e-03 -8.68728166e-02 -2.11348661e-01 3.04760538e-01 1.71587670e-01 1.81856701e-02 -8.72260505e-02 -1.80173351e-02 -2.33151136e-01 7.66089394e-02 1.48321257e-01 6.93441021e-02 -2.84035533e-01 1.18590844e-01 2.70267603e-02 -3.25627637e-02 -7.79747816e-02 1.25382775e-01
 -1.80104972e-01 -9.45115555e-02 2.69106711e-03 2.10165856e-01 1.06712476e-01 -1.84034481e-01 1.78564716e-01 1.14796832e-01 -1.22120183e-01 -1.20408136e-01 7.12612975e-03 6.73440028e-02 -1.36464441e-01 -1.13588103e-02 -2.39864719e-01 -1.03440147e-01 -1.54430548e-01 -1.70242782e-01 6.40956562e-02 -7.75348295e-02 1.40384602e-01 -2.51426056e-01 4.27327840e-02 -2.59936388e-01 -2.25246011e-01 -3.22822381e-01 1.12414335e-01 -1.85762253e-01 -1.45102278e-01 -1.07124467e-01 -2.50517845e-01 1.38368794e-01 -1.18919262e-01 6.27236905e-02 7.09189272e-02 1.04168993e-01 -1.74453767e-01 7.68025564e-02 -2.80219313e-02 -1.18173806e-01 -1.53732283e-01 -8.51260949e-02 -5.56958256e-02 6.02664560e-03 -4.67833285e-02 1.85520602e-01 -6.11730754e-02 9.02378664e-02 -3.39726081e-02 5.14563350e-02
 2.60045742e-01 -6.48517562e-02 -3.98010567e-02 -1.87217495e-01 1.07461630e-01 2.41206671e-01 4.20883116e-02 -1.52306283e-01 -2.15658568e-01 -7.47145653e-02 1.77790525e-01 -1.72701093e-02 -4.65750019e-03 -1.42576739e-01 1.12960603e-01 1.92481489e-01 2.03745114e-01 -1.22975562e-01 2.41626101e-02 2.84502377e-02 1.18244356e-01 -3.45368580e-01 1.89457439e-01 -1.66430680e-01 -1.15047811e-01 8.22064460e-02 1.02381361e-01 5.52463840e-02 -5.38514703e-03 3.97833154e-02 2.65674120e-02 2.55263951e-01 8.23789340e-03 -3.80111573e-02 1.15345502e-01 -1.26998456e-01 1.79359901e-01 -1.35524591e-01 1.43630288e-01 7.52027237e-02 5.36114763e-02 -1.25338296e-01 7.36401849e-02 -3.04684081e-02 -3.04432358e-01 -7.15092372e-02 -1.61499304e-01 1.23484244e-01 1.25541441e-02 1.21693831e-01
 -1.31066622e-01 -1.41462621e-02 2.91208760e-02 -2.22622034e-01 -3.42639646e-03 9.30263935e-03 -7.56869322e-02 1.66602227e-01 5.70182459e-02 -1.32056970e-01 7.65031429e-02 -1.57626630e-01 -2.94295621e-02 -1.25351466e-01 2.31642198e-01 -1.08842501e-01 1.08672128e-01 6.40360861e-02 -4.36819452e-02 3.69592409e-02 -2.08406016e-01 -7.09219921e-02 -1.25084970e-01 -3.86205658e-02 2.25863813e-02 -5.90062620e-02 1.28579308e-01 -1.38975605e-01 -3.61705033e-01 4.33692872e-02 1.58476306e-01 1.67936393e-01 1.42670863e-01 1.96900419e-02 -2.52730366e-02 -9.77633953e-02 -3.57824281e-01 3.89893812e-01 -3.50708112e-02 1.13748545e-01 9.22993737e-02 -4.22723178e-02 -1.13104099e-01 7.55567840e-02 2.68377653e-02 -2.22867284e-01 -1.71502479e-01 -4.89160312e-03 1.40249597e-01 3.21935413e-02
 1.35894251e-01 1.30106950e-01 -3.59485324e-04 1.86661092e-02 6.69491365e-02 -1.74604788e-02 9.75166166e-02 6.50899904e-02 1.94445307e-01 7.64976713e-02 1.11484771e-01 -1.96125000e-01 3.34961284e-02 4.87814509e-03 -4.14337080e-01 1.11476179e-01 2.95433795e-02 -2.47210601e-01 4.16771492e-03 -2.96234529e-03 1.73302559e-01 -1.54059146e-02 1.40502558e-02 5.87881268e-02 -9.26755892e-02 4.10621348e-01 -1.12281553e-01 1.78989166e-02 -1.11852372e-01 4.16782883e-02 -6.50868711e-03 2.68696952e-01 -6.08378116e-02 -1.39589769e-01 -1.43653190e-01 5.76110787e-02 -1.76903061e-01 -2.40535466e-03 -3.05018089e-01 2.33161782e-01 1.65366505e-02 -4.73740629e-03 4.21807830e-03 1.94379679e-01 8.19508071e-02 -2.02252872e-02 7.81838851e-02 6.66320076e-03 5.17811978e-02 -1.16042670e-01
 9.41609317e-02 -3.13831720e-02 -8.38226389e-02 1.20372537e-01 1.91267665e-01 2.09594592e-02 6.29908000e-02 -1.31927870e-01 8.04409580e-02 2.51277987e-02 6.22030221e-02 -6.19382406e-02 -7.57442645e-03 1.05887123e-01 1.03425495e-01 -3.42898060e-02 -7.72080851e-02 -1.42161470e-01 2.73207681e-01 -1.09683694e-01 1.27236698e-02 1.02239237e-01 1.40056963e-01 -1.99320395e-01 2.20650293e-01 8.38568189e-03 4.23493717e-02 -3.79887450e-01 9.46111375e-02 1.48119173e-01 -5.97367348e-02 -9.60684483e-02 1.72148103e-01 2.29926233e-02 -4.27070251e-01 7.44834205e-02 7.59559528e-02 1.40234611e-01 2.16094077e-01 9.64387474e-02 2.67946656e-01 -2.18554239e-01 -7.97802270e-02 1.01024715e-01 1.21273960e-02 1.64421470e-02 9.82299212e-02 2.69021250e-02 -6.22246504e-02 2.45889688e-02
 -1.27897432e-01 9.94596286e-02 2.79133139e-02 4.78854703e-01 -2.18594931e-01 2.62985419e-01 -2.10088323e-01 -7.52205163e-02 -5.69889955e-02 3.59673233e-02 -5.04795070e-02 2.42040957e-02 4.99475325e-03 -1.24512277e-01 1.75619573e-01 -8.54713971e-02 1.50806402e-01 4.91449208e-03 2.00612007e-01 -9.00810716e-02 1.54717489e-01 3.25315381e-02 7.82359465e-02 -6.11240260e-02 -2.07335488e-01 1.48896145e-01 -8.59483569e-02 9.42600901e-02 -2.89814996e-02 -6.51907708e-02 2.84283538e-03 -7.00126228e-02 -1.50065468e-01 1.39219832e-02 1.47999279e-03 1.13299425e-01 -3.36537952e-02 2.51771686e-01 -1.19247210e-02 1.45142495e-01 1.30893983e-01 2.47071506e-01 -1.56235215e-01 -6.98544373e-02 -1.40410663e-01 -6.62868123e-03 -6.28075315e-02 2.35559556e-01 -1.77187003e-03 -1.01113380e-01
 -1.10128054e-01 1.13933955e-01 1.68364539e-01 1.43954620e-01 -1.70559919e-01 -5.11219590e-03 1.22871907e-01 6.33680450e-02 3.64301043e-02 -1.77638295e-01 3.50281679e-01 9.99223527e-02 9.63631419e-02 7.77329108e-04 1.98226651e-02 -7.00034866e-02 -2.18472589e-01 1.38945567e-01 -2.32073075e-02 7.75187070e-02 -6.22208568e-02 -5.38344892e-02 3.15795123e-02 -6.04407282e-05 -3.51496245e-02 1.75316813e-01 1.58775217e-01 3.77439703e-02 1.33219334e-01 1.85744705e-01 -1.26493744e-01 -9.44264910e-02 -1.09200825e-01 -5.48987747e-02 -2.01252670e-01 -2.09022340e-02 -4.57907205e-02 6.06623888e-02 -2.49221305e-02 -7.14759620e-02 -1.74634655e-01 -1.86700336e-02 3.56715884e-01 2.46030284e-02 -9.76569528e-02 -3.68699323e-01 8.96799496e-02 1.36131658e-01 -3.77021071e-02 2.84203030e-01
 -9.26196156e-02 2.13306448e-01 3.00082058e-02 6.43847044e-03 2.08712224e-01 -4.14264543e-02 -3.01509787e-01 2.08621778e-01 3.38812745e-02 -7.79926827e-02 -1.39936957e-01 1.17909431e-01 -5.48402971e-03 -1.06293110e-01 -1.21140111e-01 -8.14472043e-02 2.01996801e-02 -4.15830245e-02 5.66304034e-02 -7.90710432e-02 -1.88275595e-01 3.31238237e-02 1.33547718e-01 -2.47848849e-01 -1.71764380e-01 -1.04343186e-02 1.12441021e-01 2.21353926e-01 2.43969570e-01 1.06516550e-01 1.19318060e-01 1.02874946e-01 1.06077233e-01 1.72104737e-01 -2.11056575e-01 -1.04699797e-02 3.53649873e-03 -6.93362876e-02 1.49078786e-01 7.02543781e-02 -1.33894294e-01 9.92296017e-02 1.46687388e-01 1.89250265e-01 -1.58940723e-01 4.89334804e-02 -8.34097651e-02 -2.81017226e-01 1.80436403e-01 -1.69760180e-01
 2.33283446e-02 2.44577479e-02 -2.94560685e-01 -3.36631635e-01 8.57892160e-02 -7.50046663e-02 -5.73732117e-02 -2.61750221e-02 8.64187495e-02 1.13500337e-01 4.90000916e-02 -1.70660992e-01 4.68429255e-02 1.29238724e-01 -1.34288241e-02 8.58368708e-02 -3.49049526e-01 1.35699540e-01 1.17650038e-01 -1.45572845e-02 1.09507142e-01 -3.72538256e-02 1.52066455e-01 -1.60449993e-01 -2.44159596e-01 -1.14531408e-01 6.42385565e-02 1.41652738e-01 -1.98681177e-01 -1.24642387e-02 1.61517211e-01 -2.19647689e-01 -1.60901854e-01 3.62479593e-02 -4.85266257e-02 -4.11275657e-02 4.83110549e-02 1.25835564e-01 7.36940274e-02 9.67169419e-02 2.95550058e-02 2.19830912e-01 2.00988028e-01 -5.60287004e-02 9.68251290e-02 -2.26453615e-02 3.59813450e-02 2.40471721e-01 -1.32555082e-01 -1.80364604e-01
 -6.75366314e-02 1.81261958e-01 -1.82252981e-02 -7.38208443e-02 -5.34178566e-02 9.27435517e-02 -1.03837470e-01 1.51175268e-02 5.72127339e-02 -2.17422907e-01 3.71779575e-02 1.09784490e-02 9.16250059e-02 -2.69191311e-01 -9.46583013e-02 2.20676733e-01 -1.99958130e-02 -9.30917966e-02 -8.19830488e-02 -1.59808784e-01 1.74209447e-01 -8.64187470e-03 -1.16124230e-02 2.42780557e-02 6.65179367e-02 -1.86954330e-01 -2.02263026e-01 -6.69559702e-02 8.73284337e-02 1.96859721e-01 2.72542236e-01 -9.16100077e-02 -3.19692622e-01 9.97316494e-02 -1.38867498e-02 -6.50569881e-02 -3.55668664e-02 -5.35021871e-02 1.08652068e-01 -2.74712418e-01 8.07179134e-02 -6.90494072e-02 -1.84404171e-01 2.54218590e-01 1.97967898e-01 2.09174916e-02 5.21762718e-02 1.79510571e-01 1.89930334e-01 1.70103444e-01
 -4.73943746e-02 -1.17857970e-01 2.60188952e-01 2.63538999e-02 1.16711359e-01 -1.07052419e-01 -1.57951875e-01 -1.73865288e-01 2.49553491e-01 -5.41289865e-02 -1.40808058e-01 1.11024219e-01 9.59460774e-02 3.28617934e-01 -8.27618727e-03 4.62355744e-02 2.52394789e-02 2.03301186e-01 9.83603931e-02 -3.71312602e-02 7.38159019e-02 1.76453311e-01 -9.79522527e-02 -1.45522517e-01 -6.78807237e-02 3.95955251e-02 2.45499782e-01 -1.09894915e-01 5.58745722e-02 2.01238023e-01 1.27456645e-01 3.36893981e-01 -1.97004755e-01 8.41886792e-02 2.79829920e-01 6.96779753e-02 1.48649877e-01 -2.38186610e-02 -9.29057589e-02 8.98112437e-02 8.40905483e-02 -2.85138816e-02 -1.60614839e-02 6.30296267e-02 1.07767019e-01 -5.91592824e-02 -1.31016684e-01 1.02404885e-01 -7.25722696e-02 1.32738504e-01
