 -4.79895784e-02 -2.84791780e-02 1.83515733e-02 1.81671931e-01 4.23343120e-02 -1.72877981e-02 -7.88995160e-03 6.68199042e-02 -1.19429262e-01 1.30123573e-01 7.11881475e-02 2.97600490e-03 -9.38919438e-03 -1.24569038e-01 1.65243143e-02 5.22685471e-02 -4.41390583e-02 2.41215801e-01 2.25335926e-02 2.22476431e-01 -2.89455367e-01 -1.09643110e-01 1.00212286e-01 -3.04011662e-01 1.16230656e-01 -2.31908197e-01 -1.33388320e-01 -8.46542934e-02 -1.62345881e-01 -1.72912034e-02 2.67545884e-01 -2.20584153e-01 7.25470981e-03 7.53533318e-03 -1.31340354e-01 -1.68621595e-01 -1.04199364e-01 -1.70862137e-01 1.33503591e-01 -3.69125056e-02 -8.77234628e-04 -9.17102756e-02 -1.68602515e-01 5.86451950e-02 -1.01388646e-01 -3.73529500e-01 1.75909805e-01 1.22576077e-01 6.24661551e-02 -9.75147895e-02
 9.93913626e-02 -1.34223892e-02 -3.72743963e-02 -9.14010864e-02 1.01995091e-01 1.48852954e-01 1.68045486e-01 9.48307273e-02 4.08496768e-03 -1.20394612e-01 -3.46270077e-01 -4.33706892e-02 -1.74423798e-01 -1.15236327e-01 -3.29823118e-01 5.48884841e-02 -1.31157912e-01 -4.10882056e-03 -2.69384817e-02 1.96977104e-01 6.86165478e-02 1.12693135e-01 -1.41106553e-01 -2.16799332e-01 -2.64392030e-01 -5.77517191e-02 1.96144542e-01 6.25490728e-03 -1.49552462e-02 7.55503858e-05 8.39538265e-02 1.18793684e-01 -4.93882016e-02 -9.15211101e-02 -6.82393113e-02 -7.94695973e-02 -1.50641327e-02 1.75564283e-01 9.54503126e-02 1.92147454e-01 -2.10546193e-01 1.12232909e-01 1.80368445e-01 -1.76401682e-01 -4.99635288e-02 -6.55900348e-02 2.21221300e-01 3.51858020e-02 2.18425286e-01 1.42411473e-01
 -7.15157809e-02 -5.17474601e-02 6.15864685e-02 5.39416343e-02 1.05992561e-02 -4.37473926e-01 -3.24744154e-02 2.36887567e-02 -6.15834771e-02 -2.72525293e-01 -1.02532759e-01 8.38729199e-02 -1.57055979e-01 -2.43879141e-01 2.70047491e-02 2.93351383e-01 6.59769122e-02 7.52895370e-02 -8.02233559e-02 -9.62072024e-02 -2.60710119e-01 1.91706740e-01 -2.39886694e-02 6.70620191e-02 5.86035360e-02 1.87223517e-01 -8.72291111e-02 4.61176274e-02 2.05184248e-01 -1.36419010e-01 -2.87901718e-02 1.89698251e-01 1.72235986e-01 5.84349306e-02 -1.12151901e-01 5.76315732e-02 -4.60552849e-02 -2.12418608e-02 1.60287487e-01 1.47964232e-01 -2.40073443e-01 -7.17087558e-02 -4.31733747e-02 1.64975901e-01 1.07849720e-01 -3.53275033e-02 -2.57215135e-03 -1.68492516e-01 1.28333560e-02 -1.10292530e-01
 -2.23263742e-01 -1.03078852e-01 -2.64776833e-02 -5.13932469e-02 -5.62073795e-02 -8.44483506e-02 -1.29345887e-01 -2.84164760e-01 2.87164886e-02 -6.29890006e-02 5.24259333e-02 -4.78061568e-02 -1.43462739e-01 -7.38172388e-02 3.09771589e-02 -6.59226333e-02 9.33765074e-02 4.33931373e-01 -7.55753557e-02 4.31564167e-02 1.39790463e-01 -1.87708522e-01 3.03297389e-02 -1.05148440e-01 -1.10683887e-01 1.40728221e-02 4.59382760e-02 1.08137878e-01 -2.27087236e-01 1.35941543e-02 -4.25341450e-02 9.96685350e-02 -1.73816504e-01 5.78129376e-02 -1.26558578e-01 -6.37050343e-02 2.88506121e-01 -2.95152801e-02 1.79110031e-01 -1.71598642e-01 -2.03858563e-01 3.39124750e-02 1.74705887e-01 -1.51313777e-01 1.13451254e-02 -3.81397219e-02 -2.95788436e-01 -9.01892410e-02 -1.36246884e-01 1.22476708e-01
 2.23342038e-02 -3.01315611e-02 1.50262518e-02 -2.85246015e-01 9.33180940e-02 -1.98574107e-02 -1.82774177e-01 -1.03472677e-01 8.01380054e-02 2.44659938e-01 -1.73170611e-01 -4.29043980e-02 -1.81353736e-01 2.28416684e-02 1.95055654e-01 -1.05829101e-01 -1.41375145e-02 -1.28396284e-01 -3.58940169e-01 9.48112562e-02 3.65834594e-02 -4.01614427e-03 -5.67799041e-02 1.94564160e-02 7.82095496e-02 -1.47391242e-01 -1.02912945e-01 2.05939497e-01 -1.02083600e-01 -7.05432558e-02 -3.09620502e-01 -2.79360924e-01 7.51903889e-02 6.21411793e-02 3.40321427e-02 -1.34187110e-01 -6.81919687e-02 3.44434594e-02 1.23651911e-01 1.12894817e-01 -1.08681953e-01 -1.46088650e-01 -1.78894097e-01 8.57349485e-02 -6.77235359e-02 7.01268314e-02 8.61199735e-02 -2.27899336e-01 1.88380455e-01 1.18312118e-01
 1.03753331e-02 1.85638410e-01 -1.12964124e-01 2.14014224e-01 5.21504596e-02 1.17102325e-01 1.36872272e-02 1.26799811e-02 -2.07802383e-02 -2.21275338e-01 -1.54415331e-01 4.82183904e-02 -1.81769393e-01 -1.89832671e-01 7.18665979e-02 -2.26912829e-01 -2.86145852e-01 1.16748069e-01 -2.17328725e-02 -9.66532658e-03 6.53490255e-02 1.86510593e-02 -1.59840505e-02 1.86157015e-01 -1.65959869e-01 -1.60153866e-01 4.59028057e-02 1.42771427e-01 -6.57058897e-02 -1.31186662e-01 1.43516126e-01 -4.35172976e-02 1.83925490e-02 1.92642677e-01 -1.34351339e-01 9.05427524e-03 1.43195927e-02 2.69195393e-01 -1.14324712e-01 1.25772974e-01 2.71982170e-01 -4.75332211e-02 -1.90048847e-01 2.07239902e-01 -1.39654696e-01 -2.59764278e-02 -2.03391972e-01 -1.10261251e-01 -1.92890264e-01 -1.00673314e-01
 8.95430665e-02 1.96712168e-01 -5.38904044e-02 1.57215385e-01 1.89109829e-01 2.47173846e-02 6.64630109e-02 -1.60480229e-01 8.78581634e-02 7.49761466e-02 -2.04328559e-01 -2.02757727e-01 -3.38097205e-02 -1.41536654e-02 3.01189715e-01 3.02972694e-02 2.02935599e-01 6.86089317e-02 1.91770476e-01 -8.55767308e-02 -1.57952726e-01 -1.51974134e-01 1.45884909e-01 1.37242811e-01 -1.36612818e-01 -1.13777627e-01 -1.57862669e-01 -8.56952923e-02 1.20424004e-01 -8.33862217e-02 1.68187835e-01 -3.23608327e-02 -9.31676284e-02 -1.75586086e-01 9.51625998e-02 3.95418462e-02 -2.42765424e-01 9.73624709e-02 6.97164190e-02 -9.00118119e-02 -1.92982063e-01 1.20224419e-02 2.50299562e-01 1.50193987e-01 -1.35045189e-01 1.66769309e-01 4.95852789e-02 -3.77316693e-02 -5.05099777e-02 2.65599924e-01
 2.06619160e-05 -8.52015688e-02 1.10237156e-01 -5.57581312e-02 -2.13063910e-03 2.50084255e-02 -5.16375320e-02 4.35570007e-02 -2.92544473e-01 -7.37940547e-02 -5.82904364e-02 -1.33096677e-02 -4.53580662e-03 1.46409657e-01 1.06884295e-01 5.02789555e-02 3.01398148e-01 2.36638991e-01 2.94382700e-01 1.48176443e-01 1.18791028e-01 -7.38044900e-02 -9.76794480e-03 6.52523478e-02 -2.14035969e-01 -1.08701635e-01 3.28875092e-02 1.15932698e-01 8.49509182e-02 2.37652786e-01 -1.47276850e-01 6.63305326e-02 1.11331327e-01 1.94338164e-01 -6.45742473e-02 -1.29359618e-01 -3.99845115e-01 -8.97330237e-02 -1.35973276e-01 2.30116947e-01 1.07146624e-01 -2.76079300e-02 -1.18045790e-01 -1.78682176e-01 1.27494295e-01 -2.04524689e-02 -4.76240919e-02 -1.08673329e-01 1.56676097e-02 3.78652854e-02
 2.00292356e-01 -3.94543595e-02 -2.69439025e-01 1.67766057e-01 -9.57705174e-02 -5.71068697e-02 -1.84731845e-01 3.82833655e-03 -1.25380699e-01 -5.68463375e-03 1.35016651e-01 1.08681244e-01 -4.23752367e-02 4.50337262e-02 1.55947854e-01 8.03550983e-03 -2.25656443e-02 9.24769889e-02 -3.54872133e-01 8.34578226e-02 2.43169942e-04 3.35651319e-03 8.04190657e-02 -2.56663553e-02 4.04555171e-03 1.74478639e-01 -2.44079761e-02 -2.58887174e-01 -1.94243521e-01 -7.47467506e-02 1.96685255e-03 1.93259276e-01 5.96900665e-02 1.22656158e-01 2.06174790e-01 2.91193865e-02 -2.20629507e-01 2.93168520e-02 6.84994867e-02 2.85828927e-01 1.07818812e-01 1.01420395e-01 1.35836138e-01 -8.79492014e-02 -1.74007223e-01 8.32583428e-02 -1.45546499e-01 2.46539051e-01 1.64087633e-01 1.30664939e-01
 1.64324161e-01 -1.53870799e-02 -9.12748960e-02 1.39777960e-02 -1.40886693e-01 -2.14847245e-01 2.70605653e-01 2.20428684e-01 1.91058098e-01 1.78628655e-01 -8.34710979e-02 1.37711456e-01 -1.04735181e-01 -2.36216682e-02 1.45063439e-01 9.51992553e-02 7.38603911e-02 -2.01880156e-01 1.43585680e-01 -4.61965539e-02 2.10238587e-01 -7.68963850e-02 -2.15165718e-01 -4.49491328e-03 -6.20645503e-02 -5.07659920e-02 -9.79760888e-02 1.01203957e-01 -4.24581801e-02 -2.80552201e-02 3.57821036e-02 -4.52693478e-02 1.14455998e-01 1.58301133e-01 -1.32726455e-01 -3.15280906e-01 3.51325455e-02 -1.04518798e-01 8.97523024e-03 -6.22952902e-02 -6.66318075e-02 8.73722161e-02 1.32257108e-01 1.69695406e-01 4.65339108e-02 -1.33238691e-01 -3.37582584e-01 2.65768798e-01 6.40945642e-02 6.76012899e-02
 2.40890906e-01 5.08160816e-02 2.48800833e-01 1.06575121e-01 1.39483865e-02 1.35414530e-01 1.00327488e-01 -1.23914933e-01 -1.31307922e-01 1.43282860e-01 3.31049575e-02 1.95419166e-01 6.55423977e-02 5.16010636e-02 -1.40245800e-01 -2.40960990e-01 -5.91038557e-02 1.13150608e-01 3.75390084e-02 -2.77336393e-02 -4.21278281e-02 -1.76856612e-01 7.35097825e-02 -1.88267086e-01 -5.07672210e-02 3.98507552e-01 1.69482465e-02 9.77575146e-02 1.07111082e-01 -3.09802908e-01 -1.90075608e-01 -1.67701467e-01 5.35447038e-02 1.00136413e-01 1.19639449e-04 5.25365096e-02 -1.43431094e-01 1.56363393e-01 -4.66919110e-02 -1.63151658e-02 -1.28622709e-01 -1.13824836e-01 2.05793766e-01 1.07120407e-01 1.62822130e-01 -1.90253046e-01 -8.44704443e-02 -5.52368689e-02 5.23872087e-02 -5.51018837e-02
 1.79276395e-01 7.15691559e-02 -1.09615776e-01 -1.44604749e-01 6.74805516e-02 -9.19553705e-02 -2.11618116e-01 8.48062263e-02 -1.09878393e-01 1.41896485e-01 8.03925767e-02 -1.76569010e-01 -5.01047932e-02 -1.08039565e-01 7.51488758e-02 1.64528597e-01 -1.17095223e-01 -1.11902774e-01 9.33107736e-02 6.00191671e-02 3.15599751e-02 -1.14571736e-01 2.51194249e-01 7.33605371e-03 -3.93828378e-01 2.29216513e-01 -1.52466021e-01 -3.55258229e-02 7.83650517e-02 -1.59581317e-01 1.31867940e-01 -4.11977327e-02 8.57269766e-02 -9.62909938e-02 1.50369562e-01 -2.50069682e-01 2.76293896e-01 3.56368500e-02 -1.58311119e-01 2.70859744e-02 -6.90375799e-02 7.39491058e-03 -1.89604355e-01 -2.56988071e-01 3.66499553e-02 -3.36882487e-02 -1.23437970e-02 -8.16959904e-02 -7.88794748e-02 -1.48015010e-01
 -2.15035064e-01 -6.04794039e-02 -2.24949944e-01 -1.36244248e-01 1.63768034e-01 2.12076958e-02 -2.22196442e-01 1.54688809e-01 6.21775559e-02 1.73503739e-03 -8.65757328e-02 2.89732571e-01 -4.47794661e-03 -6.12172353e-02 -1.88091410e-01 -4.04395734e-02 1.15636505e-01 3.40709923e-02 2.86766951e-01 1.73558937e-01 -1.20685840e-01 4.47173451e-02 -1.07004369e-01 1.92137429e-01 3.54344232e-02 -2.17501540e-02 1.06305810e-01 -2.97002816e-01 7.21724459e-02 -2.86878503e-01 -4.97992126e-02 -2.51567710e-01 1.01690898e-02 2.04746384e-01 1.55788703e-01 -6.11530970e-02 9.13906031e-02 -7.86946582e-02 6.97193593e-02 -7.52800458e-03 8.31844620e-02 -1.96556468e-01 2.04758077e-01 -6.10616272e-02 -2.18900509e-02 6.29640802e-02 -3.27374395e-02 -1.43967647e-02 -6.48682076e-02 8.54646874e-02
 -3.80409310e-02 3.62851264e-02 1.00749744e-01 1.13123770e-01 2.14986406e-01 2.96901755e-03 -3.31927574e-02 -3.38878464e-02 6.03002088e-02 -2.66128892e-01 3.32795611e-01 -8.85822937e-02 -3.17301852e-01 2.20043345e-01 -1.42154293e-01 7.75002040e-03 5.44445382e-02 3.06998837e-02 -8.97572965e-02 2.56869963e-01 2.05673769e-01 2.57384598e-01 1.49297632e-01 7.00019044e-02 6.41758427e-02 6.53959224e-02 -8.43755159e-02 1.38890434e-01 2.04613108e-02 1.97145023e-02 1.13553279e-01 -2.49632977e-01 1.88683029e-01 -1.11575554e-01 5.81823264e-02 -2.12468091e-01 -1.51406389e-02 -4.61915671e-02 -7.85357188e-02 -1.38175176e-03 -9.72515284e-03 8.81923945e-02 1.86660752e-01 1.91948302e-01 1.29441660e-01 5.69823297e-02 6.79075848e-02 1.06990950e-01 -9.64550986e-02 9.40303001e-02
 -2.26190980e-02 -1.91634897e-01 -7.63756865e-02 -1.51951437e-02 1.04504905e-01 -1.02686973e-02 -1.09025564e-01 7.92560703e-02 -1.01629026e-01 -1.10490156e-01 1.66074071e-01 -2.39119102e-01 4.26544811e-01 -2.08700691e-01 5.59792421e-02 -2.79554325e-01 -3.68909290e-02 -1.78165515e-01 4.59510252e-02 1.26759479e-01 1.53105549e-01 1.33538736e-01 8.58829163e-02 -1.06220383e-02 3.81461760e-02 -1.20132342e-01 -2.12628722e-03 -1.22745860e-01 8.77314615e-02 -2.33758878e-02 -5.63133965e-02 1.53291117e-02 -1.20299286e-01 1.22531521e-01 -1.03525548e-01 -2.00273971e-01 -1.53628925e-01 1.50373652e-01 1.81857888e-01 3.14587752e-03 -2.67898288e-01 2.17340756e-01 8.34963863e-02 1.55423425e-01 2.72770515e-02 2.21080923e-02 -1.10468834e-01 -7.89760406e-02 2.29589832e-02 -2.02068934e-01
 6.30649834e-03 1.32996644e-01 9.69306568e-03 -1.85992103e-01 2.30250109e-01 -1.02767535e-01 -5.55968396e-02 -7.57009984e-02 2.11078379e-01 -2.37901771e-02 2.25099185e-01 -1.23051617e-01 1.51067394e-01 1.17280451e-02 9.60726782e-02 -1.01059706e-01 -5.81861036e-02 1.26219907e-01 -5.45037152e-03 -1.26357557e-01 -2.61977101e-01 4.97634174e-02 -2.37047216e-01 2.08083467e-02 -4.38872972e-02 -1.29092853e-01 3.42304961e-01 2.31803831e-01 8.32812172e-02 -4.81089855e-02 1.06166561e-01 8.88124156e-03 2.23446041e-02 -2.11340766e-01 2.28718706e-01 -4.78255930e-02 -7.70537500e-02 2.22376653e-03 1.50449241e-02 2.20463925e-01 6.05309499e-03 -8.19373074e-02 -8.23011713e-03 -9.80999561e-02 1.35069429e-01 -2.01314767e-01 -2.58147330e-01 2.02070795e-01 1.02276641e-01 -3.20615231e-02
 2.72743870e-02 3.53334342e-02 1.58334702e-01 -2.83271789e-01 1.43881072e-01 -1.02100311e-01 -1.42367570e-01 2.25983287e-02 -1.39302255e-01 -5.81121992e-02 -4.47431667e-02 -7.79687937e-02 -1.49679604e-01 1.31534399e-01 1.85929476e-02 2.94288969e-02 -5.85248249e-02 -5.72995605e-02 3.32172857e-02 9.98495136e-03 -9.64922753e-02 -1.30391784e-01 -2.66277595e-01 -1.10713624e-01 5.07944210e-02 2.46092515e-02 1.38917720e-02 -1.14043236e-01 -2.07793954e-01 1.89367371e-01 2.21565455e-01 -4.63890046e-03 2.89790098e-01 1.79689357e-01 1.19237203e-01 1.39725668e-01 -1.21322813e-01 2.04647781e-01 -9.64891913e-02 -3.18318170e-01 -5.20645533e-02 1.08263291e-01 1.92488490e-01 4.42949295e-02 -1.89353003e-01 3.47604542e-02 -9.74576146e-02 -8.50957238e-02 7.55798244e-03 -2.87296621e-01
 -1.21617475e-02 -1.89729341e-02 8.80454466e-02 -5.83436460e-02 8.44058116e-02 1.55332779e-01 1.63773995e-01 1.52209894e-01 2.28589515e-01 -9.38561367e-02 1.78793537e-01 -1.67953775e-01 5.50751058e-02 -1.47370340e-01 -1.33688471e-01 -3.63852548e-04 1.21690615e-01 -7.59041183e-02 -6.60031115e-02 -1.77760313e-01 -2.17984998e-01 4.77013353e-02 -1.44469269e-02 -1.19562180e-01 -1.89199212e-02 6.57132800e-02 -2.42836435e-01 -1.74269623e-01 -2.83936396e-01 -1.99750779e-02 9.26496434e-02 -1.51819574e-01 9.67318028e-02 1.79647000e-01 -1.76191928e-01 8.26282834e-02 -9.07369646e-02 5.69934502e-02 -1.23268072e-01 1.31168935e-01 -3.22173822e-02 1.33789019e-02 -1.22575571e-01 -2.14301729e-01 1.73369804e-01 9.64028834e-02 -2.16006207e-01 -1.86798031e-01 -4.62725925e-02 3.27335722e-01
 9.21260946e-02 1.97190293e-01 -1.45590220e-01 8.81605114e-02 -1.49271468e-02 -3.06499078e-03 2.43443445e-01 -1.04882703e-01 -4.04886154e-02 1.40525938e-01 1.38047485e-02 -1.25955843e-01 1.00839004e-01 4.63248387e-02 -1.87679522e-01 1.31014297e-01 1.02276533e-02 1.92098840e-01 -5.46146045e-02 -1.28317372e-01 4.03923440e-02 2.38757084e-01 9.64635242e-02 8.09022609e-02 -5.68559363e-02 -6.00994247e-02 1.89329208e-01 -1.22328474e-01 -1.22018747e-01 1.33515498e-01 -6.31287558e-02 7.28929310e-02 1.63107687e-01 3.12342317e-01 2.97034200e-01 -2.21359857e-01 7.42588778e-03 1.38451241e-01 1.89972864e-01 -2.69374593e-01 -9.82356960e-02 -2.27167427e-01 -1.85378324e-01 7.67564466e-02 1.54108902e-01 3.90978538e-02 5.84742340e-02 -2.56201640e-02 5.83148111e-03 1.55131359e-02
 3.35436213e-02 -1.32664400e-02 -1.37696612e-02 1.12530107e-02 3.85740142e-02 -9.95441847e-02 -5.76792321e-02 8.09229335e-02 -1.35568117e-01 6.94786569e-02 1.07090768e-01 1.22735573e-01 5.78413339e-02 -2.24391308e-01 -1.86135644e-01 -1.07436885e-01 -7.63486604e-02 2.70893934e-01 -7.30079664e-02 -4.18396686e-01 -1.22282839e-03 -2.27114605e-01 -2.27951573e-01 9.26292491e-03 -8.78724982e-04 -7.39030461e-03 -1.17696858e-01 1.00764493e-02 1.24877598e-01 2.67336088e-01 -2.81710117e-03 -1.64405682e-01 2.07927708e-02 -1.86502382e-02 1.18353141e-01 -2.76983313e-01 9.42853177e-02 -1.83352392e-02 -4.96033906e-02 1.78818787e-01 4.38478156e-02 2.43727340e-01 1.07297693e-01 1.29532136e-01 -4.38553190e-02 1.83795285e-01 2.46283399e-01 -6.53767180e-02 -4.14402565e-02 9.49163482e-02
 -5.70722527e-02 9.30754408e-02 2.83675593e-01 4.01072294e-02 -2.16950047e-02 2.10390140e-01 7.44042020e-02 2.34566859e-01 2.53540471e-02 -3.92725337e-02 4.88922657e-02 4.85107085e-02 -1.03922449e-01 3.90997349e-02 3.44667725e-01 2.14951736e-01 4.68586765e-02 1.08771029e-01 1.76433750e-01 -7.94848560e-02 1.15414739e-01 6.88940390e-02 1.67434450e-02 -4.55437004e-02 2.06527967e-01 1.83822653e-01 2.35933168e-01 -3.93004453e-02 -1.46089130e-01 -4.87904902e-02 1.00006927e-01 -1.37901721e-01 -3.09011277e-01 1.00709493e-01 1.95656652e-01 -9.64810011e-02 1.52211507e-01 6.09107170e-02 1.07197808e-01 2.24695920e-01 -1.09905178e-01 1.14747653e-01 -7.10808506e-02 4.51045325e-02 -7.77805533e-02 9.43039747e-02 -1.94621422e-03 -1.58903994e-01 1.69018051e-01 -1.22408377e-01
 -4.01994159e-02 1.46378118e-01 -1.43840263e-01 -8.41599512e-02 1.35766991e-01 -3.56682979e-01 1.85560489e-01 -3.92381465e-02 -1.56235830e-01 -1.94666648e-01 1.72112215e-01 5.57706655e-02 7.84270432e-02 1.91385202e-01 2.23134371e-02 -2.27995498e-02 1.09840353e-01 -1.68866915e-01 3.53067039e-02 -2.07413392e-01 -2.13777663e-03 -4.45489734e-02 1.79063281e-01 3.14926848e-02 -1.87186772e-01 -4.49236708e-03 2.93321891e-02 7.11177052e-02 -2.23397600e-01 4.94840278e-02 -5.99271477e-02 -2.23444566e-01 -1.87218586e-01 1.02396461e-01 -2.59032733e-01 5.35189108e-02 8.94017839e-02 1.31675540e-01 6.45232845e-02 1.15726376e-01 8.37053321e-02 -2.12654716e-01 1.81244236e-01 -9.10603138e-02 -1.53028690e-01 -3.12521540e-02 2.05221228e-01 5.71938854e-02 1.77855045e-01 -9.38608171e-02
 -4.32875865e-02 -3.31842010e-02 9.83204087e-04 -1.67847085e-01 -8.55354459e-02 8.68089758e-02 -5.46333508e-02 -1.13808729e-02 -1.85980014e-01 -3.25686004e-04 4.32771915e-02 -1.53510034e-02 9.57018679e-02 -1.37067759e-01 5.64437014e-02 3.02358311e-01 -4.50339767e-01 4.58162288e-02 2.15802134e-01 2.42788549e-02 1.20634726e-01 -2.54854461e-02 3.20362896e-02 1.80986725e-01 2.19791158e-01 4.50332568e-02 -2.12421696e-01 1.71258195e-01 -2.63323016e-02 1.27108243e-01 1.86437459e-02 -1.31409311e-01 5.25119751e-02 -4.95841992e-02 -3.25630676e-02 1.21912945e-01 -8.65374416e-02 2.70188023e-01 2.55196929e-01 2.13033987e-02 2.53188527e-02 -1.55016067e-01 1.12777811e-01 -1.02169072e-01 1.34724334e-01 -1.79285356e-02 -5.51426929e-02 1.95485712e-01 -1.02585494e-02 2.37614693e-01
 2.12241074e-02 1.02720153e-01 1.00257261e-01 1.12444798e-01 1.28495156e-02 -3.97635997e-02 -8.72188688e-02 -1.10574031e-01 7.43339645e-02 -1.54082366e-01 -3.39625919e-01 -1.52675961e-02 3.21690704e-01 1.77852448e-01 -1.17232162e-01 -2.90816376e-02 -1.63278970e-01 -5.44730060e-02 5.04640462e-02 7.66844228e-02 -3.99917199e-02 -2.60165419e-02 -2.64339229e-02 2.38217363e-02 1.09067833e-01 1.96531483e-02 -2.84840952e-01 1.18809999e-01 -3.32124303e-01 4.45744182e-02 8.86743986e-02 1.52492099e-01 -8.06804059e-02 5.15804640e-02 1.78561106e-01 -2.11123301e-01 7.56923388e-02 -2.50663643e-01 -1.52701173e-01 2.46702050e-01 -1.19334106e-01 -2.19796771e-01 1.63447475e-01 3.08464047e-02 6.78105994e-02 7.69212861e-02 -2.91701932e-02 -4.77496003e-02 -5.40925287e-02 -1.11686560e-01
 -1.26658784e-01 2.42185635e-01 7.59262462e-02 2.16588157e-01 1.41553635e-01 -4.44862538e-02 -2.30791432e-01 2.33159180e-02 -3.73616914e-02 2.63735653e-01 5.37864731e-02 -2.01756992e-01 -2.42430194e-01 -9.18353527e-02 -3.67771245e-02 -5.06565146e-03 -2.75669562e-02 1.71549323e-03 -1.60230618e-02 -8.50640552e-02 1.11347464e-01 2.94111769e-02 -2.24449951e-01 1.33763120e-01 4.91953450e-02 -8.98595643e-02 -1.15569248e-01 -6.12940475e-02 -3.63078313e-02 -1.39321983e-01 -7.08318761e-02 1.14638873e-01 -2.55880126e-01 2.21753090e-01 -1.40802337e-01 1.01295070e-01 -7.15202614e-02 1.29619493e-02 -1.69680031e-01 -2.84492542e-02 -7.80984293e-02 1.83624393e-02 6.24928275e-02 -1.58633454e-01 3.37791533e-01 2.98849719e-02 1.65184295e-01 2.38357044e-01 1.33804261e-01 -1.58926338e-01
 3.29110436e-01 7.43162202e-02 1.17686091e-01 -1.45760053e-02 2.43117261e-01 -5.66828685e-02 3.96377428e-02 -5.48681964e-02 5.26263008e-02 -2.21819231e-01 -1.40687177e-02 -2.07445927e-01 2.37330449e-01 -1.00164910e-03 1.36701613e-01 2.08464176e-01 1.99274000e-02 1.65458714e-01 -1.07133281e-01 1.70792561e-01 8.47958568e-02 -8.73623762e-02 -2.38559275e-01 2.96507951e-02 2.19105393e-01 4.61407387e-02 -2.02880788e-03 -1.56271961e-01 1.65979604e-01 -1.26081505e-01 -1.95715022e-01 5.16691328e-02 -2.87530228e-02 1.27079458e-01 -1.63986072e-01 -1.14361465e-01 2.21414263e-01 4.19427276e-02 -1.33739074e-01 -1.22701038e-01 2.23142709e-01 -1.65754313e-02 1.59865032e-03 -5.37706659e-02 -1.57776348e-01 -1.59921551e-01 1.06209394e-01 -8.93812835e-03 -5.91515407e-03 1.89772028e-01
 -5.10705749e-02 -2.68734138e-02 1.72952413e-01 6.56401890e-02 1.01609849e-01 5.53214276e-02 -9.10795150e-02 -1.14961670e-01 1.24039891e-01 -6.40117252e-02 -1.68754664e-01 -1.28271415e-01 2.52150050e-02 -3.43157699e-01 -1.62928580e-01 4.99680738e-02 3.62182924e-01 -1.16026880e-01 -4.08938407e-02 1.90282286e-02 1.75799987e-01 -1.11298023e-01 3.34723071e-03 7.36657369e-02 -1.22891087e-01 1.98961838e-01 -7.36167140e-02 -6.06271292e-02 -7.29724707e-02 2.56830209e-01 -1.03832170e-01 -1.72591482e-01 -1.63781886e-02 -1.11936625e-02 2.18768449e-01 1.65029122e-01 3.39403589e-02 7.01347846e-02 1.41493440e-01 1.26258235e-01 8.59755906e-02 -6.50373376e-02 -1.19314865e-01 1.31781104e-01 -1.08068734e-01 -2.24091469e-01 -6.87228356e-02 3.12279235e-01 -3.53880192e-02 -1.36107056e-01
 -1.46681173e-01 4.71498102e-02 6.45939074e-03 2.88235183e-02 1.20841501e-01 -1.11837495e-01 2.09035255e-01 2.17651182e-01 8.49805275e-02 6.96083971e-02 -5.30501138e-02 5.44782562e-02 3.37152430e-02 1.90028877e-01 -4.42598014e-02 1.23558737e-01 -2.71534743e-01 9.00516227e-02 -2.82961080e-01 2.73959746e-01 -1.81289345e-01 -2.02603785e-01 7.75160477e-02 2.72190613e-01 -1.43626397e-01 7.18702118e-02 3.64845459e-02 -1.62848672e-01 1.33066508e-01 2.97300371e-01 -1.51609227e-01 -1.68403041e-01 -2.53794216e-01 2.40611575e-02 -3.32906065e-03 7.77756134e-02 -7.21858856e-02 -2.38627669e-02 -9.14617272e-02 -4.16785906e-03 -1.74346523e-01 1.26857603e-01 -3.11533658e-02 3.49950652e-02 6.12645052e-02 -5.20933166e-02 -1.88863197e-01 -2.58310906e-02 -6.24846679e-02 -4.71856714e-02
 -1.17230013e-01 1.33093950e-01 -4.45251348e-02 -6.60648477e-02 1.36604220e-01 2.48366492e-01 1.43100477e-01 1.52374016e-01 -2.58956518e-01 2.37751612e-01 8.82032248e-02 -2.75947644e-02 1.19537394e-02 -2.55444219e-01 2.51647510e-02 7.26243381e-02 1.66217137e-01 -3.83586708e-02 -5.70932100e-02 9.81950812e-02 -2.13436574e-01 4.46141152e-02 9.10257848e-02 2.33474883e-01 9.74874853e-02 4.18442548e-02 8.42786965e-02 1.41833707e-01 -2.82831134e-01 2.85272415e-02 -2.25681807e-01 2.57749375e-01 1.64371296e-01 -1.87625479e-01 -1.05117261e-01 -1.07507064e-01 1.22133361e-01 -1.41404935e-02 -1.50873576e-01 4.23188451e-02 5.36829687e-02 2.81450031e-02 2.76811289e-01 1.24749632e-01 -8.16333839e-02 -1.00028700e-01 -3.44613854e-02 -6.75588534e-02 -3.49021040e-02 -4.16481969e-02
 2.09890713e-01 3.62241054e-01 2.30289527e-01 -5.27836889e-02 -2.43704886e-02 -1.08889629e-01 -1.28535442e-01 5.21656679e-02 1.09173214e-01 1.50504666e-01 3.04243435e-01 2.36049252e-01 5.13635235e-02 9.05118365e-03 -2.67691205e-01 2.76394236e-02 8.42358319e-02 -3.83234748e-03 1.19121592e-01 2.71264754e-01 2.83192212e-03 1.62989610e-02 -4.99080504e-02 2.15556704e-02 -1.25247245e-01 -1.69152453e-01 -2.12565451e-01 5.85497997e-02 1.05457879e-02 3.76561156e-02 2.23014670e-02 2.30042207e-01 -1.29544261e-01 -1.99194387e-02 -1.33794351e-02 1.13581613e-01 5.09291133e-02 7.52849206e-02 2.91750533e-01 4.54645657e-02 8.21294163e-02 5.18532394e-02 -7.58049624e-02 1.06411821e-01 -1.28933733e-01 9.82673592e-02 -9.99881557e-02 -1.86886995e-01 8.46199757e-02 5.16913887e-02
 -3.57735112e-01 -2.75664691e-02 -1.89954663e-01 1.71175630e-01 -1.22984614e-02 1.09054468e-01 9.14700630e-02 -4.62099184e-02 6.75846787e-02 -4.20758125e-02 1.70581111e-01 -1.18430206e-01 1.04108472e-01 1.12219274e-01 -1.28814497e-01 1.59612067e-01 6.38015675e-02 -1.35879434e-01 -3.87077535e-02 1.34975961e-01 2.68084281e-02 -4.83645897e-01 -2.53291783e-01 5.11208363e-02 -4.89536546e-03 2.05827070e-01 4.36226333e-02 2.09200806e-01 2.65730092e-02 -2.13545725e-01 1.25867783e-01 1.17588288e-01 1.13680236e-01 3.88892956e-02 -1.05904802e-02 -1.24663999e-01 -1.16873210e-01 1.07922875e-01 1.20061323e-01 5.44893777e-03 3.68119982e-03 -2.81806266e-02 -1.67231494e-01 5.09057578e-02 -6.86110688e-02 1.53528955e-01 1.07875968e-01 -5.96552712e-02 1.24791009e-01 -2.08107229e-02
 -5.26457409e-02 5.36924086e-02 2.00628674e-01 -1.12886678e-01 -1.66173192e-01 -8.68072369e-02 2.55889793e-01 6.81059009e-02 -1.72146813e-01 4.94998224e-02 3.79840011e-03 -1.91829884e-01 4.52455234e-02 -1.51595246e-01 -8.01316059e-02 9.00726608e-02 3.97738785e-03 1.18055862e-01 -1.57676235e-01 7.80524956e-02 2.17035671e-02 1.37655261e-01 -1.13733101e-01 -1.34834617e-01 -8.96088712e-02 -4.13423600e-02 -3.33658014e-02 7.37040440e-02 6.45063925e-02 -2.55901212e-01 -6.85108413e-02 -1.67283256e-01 -1.16058220e-01 -6.88889798e-02 4.41073679e-02 -4.41363748e-02 -1.75781739e-01 -1.38633254e-01 1.33599587e-02 -2.92268387e-02 9.20901537e-02 -1.57796756e-01 7.39709409e-02 -1.19100811e-01 -2.51784319e-01 4.25851748e-01 -1.29704495e-01 1.86344655e-01 -2.36535496e-01 -1.87171917e-01
 1.93031649e-01 -2.80228262e-02 -1.00814924e-01 -1.74505400e-01 -5.03408306e-02 4.05749354e-02 -2.26255651e-02 2.94441358e-01 1.13841452e-01 -1.22934060e-01 1.34149723e-02 -4.77248230e-02 -1.70576943e-01 5.07800835e-03 1.16493342e-01 -3.59220152e-01 7.02448727e-02 1.17760114e-01 5.56605656e-02 1.00678747e-01 -1.72029650e-01 -3.09121223e-02 -1.13989322e-01 4.59661074e-02 3.81925908e-02 3.48944212e-01 -6.91445845e-02 3.62730159e-03 -6.96270069e-02 1.87121900e-01 -1.72258482e-03 1.72316654e-01 -1.93925361e-01 -1.15373666e-01 -1.18343450e-01 -1.63538639e-01 -6.47812954e-02 9.27156885e-02 1.39682977e-01 -1.39799585e-01 4.83519144e-03 -2.96902621e-01 -1.21108988e-01 6.55616779e-02 1.07945631e-01 1.39571944e-01 1.65901033e-01 1.69664514e-01 -1.12558013e-01 -4.06678947e-02
 2.59788908e-02 1.02319560e-01 -5.12007022e-02 2.18849360e-01 -1.36216677e-01 -3.92536331e-01 1.16723683e-01 1.77383928e-01 7.79509034e-03 1.30297758e-01 -1.48400967e-02 -1.69076152e-01 -6.49378288e-02 -1.45991919e-01 -6.08646659e-02 -2.72543328e-01 7.91649600e-02 -4.10651086e-02 7.01137469e-02 2.05645593e-01 1.45542092e-01 -1.08308348e-01 6.40425448e-02 -7.97282555e-03 3.84760049e-01 7.07213526e-03 1.60410715e-01 8.46708111e-02 5.81603933e-02 1.11989049e-01 8.05892705e-02 -5.33233260e-02 1.08654057e-01 -2.94208473e-02 1.62465324e-01 1.32337042e-01 3.48745508e-02 1.32877565e-01 -1.08326651e-01 1.18967328e-01 -9.48034297e-02 -1.17397392e-01 4.74586227e-02 -2.78318148e-01 -8.22912821e-02 -5.20111841e-02 5.92255431e-03 -1.98308724e-01 -8.66707786e-02 1.12185360e-01
 5.17093703e-02 -1.78923941e-01 -1.86675209e-01 -1.77501595e-01 -6.50455153e-02 7.83099641e-02 3.33776049e-01 -1.36328824e-01 -3.19341854e-02 -8.03033050e-02 1.40817127e-01 -8.52684166e-04 -2.14401753e-01 2.28691433e-02 2.34721977e-02 3.94389777e-02 1.05773678e-01 -4.62005624e-02 -2.36774013e-02 6.21319711e-02 -8.36670925e-02 -6.71197166e-02 -8.48354767e-02 -4.99253292e-02 9.73605861e-02 -2.16693653e-01 -3.35609750e-01 6.14661816e-03 8.72910138e-02 -8.12223071e-02 -5.19197687e-02 1.04309420e-01 -2.55958809e-01 1.08010693e-01 3.71403567e-01 1.88371233e-02 3.54828089e-02 1.91812386e-01 -1.93952448e-02 1.35938312e-01 8.64118391e-02 4.17308989e-02 1.07671499e-01 -1.39274689e-02 1.57243002e-01 -2.20631514e-01 6.57005279e-02 -1.06601923e-01 -1.74803914e-01 -1.83980959e-01
 8.90424473e-03 2.95649912e-01 -1.24899511e-01 -2.33514428e-01 -2.91789011e-01 2.30504475e-02 8.95697293e-02 -1.72286374e-01 1.67436747e-01 -1.53713779e-02 -1.70773146e-01 -3.51739393e-02 8.20553820e-02 4.62388605e-02 -3.45101550e-02 -6.29182006e-02 1.39888933e-01 2.63776791e-01 -1.40197149e-02 7.77954630e-02 3.01594395e-02 -3.06120744e-02 6.92754041e-02 1.85099414e-01 1.60156609e-01 3.33933515e-02 -8.05907506e-02 -1.89647795e-01 -1.15439132e-02 -8.28142574e-02 6.50586022e-02 -1.74783533e-01 2.23003368e-01 -1.46993665e-01 -2.18116289e-01 -3.77774313e-02 5.26372167e-03 8.10023074e-02 7.28329243e-02 1.40055010e-01 6.51872762e-02 2.76626045e-01 1.50950730e-02 -8.68705292e-02 1.77135944e-01 4.13975685e-02 2.64714236e-02 1.79607153e-02 1.45538268e-01 -3.21433723e-01
 7.63266723e-02 -7.65957578e-02 1.60307425e-02 -8.27996854e-03 8.27613454e-02 1.77584970e-01 2.85676131e-02 1.04202470e-01 6.29800179e-02 -3.77410589e-02 8.91159114e-02 -2.03971209e-01 -2.27672826e-01 2.29064193e-01 -2.15828849e-01 -6.77706594e-02 -1.07135881e-01 1.00838665e-01 1.63451188e-01 -2.46542769e-01 7.55929954e-03 -1.39439005e-01 1.49320976e-01 1.14536883e-01 1.60518415e-01 -1.46927155e-01 -1.15279193e-01 -9.83428124e-02 1.47187124e-01 -4.09863576e-02 -2.23544200e-01 1.34534415e-01 1.72737831e-01 3.50986525e-02 -8.55818126e-02 1.34013591e-02 9.24040982e-02 -1.00437457e-01 9.75888711e-02 1.81366324e-01 -2.65927749e-01 -1.18284028e-01 -7.57422951e-02 -5.62941860e-02 -3.78991472e-01 -2.25857750e-02 -1.44877251e-01 1.47849102e-01 4.50402842e-02 -1.39493768e-01
 -1.22115411e-01 1.05850938e-01 -1.01596160e-01 6.32376782e-02 -3.11564026e-01 1.10124829e-01 -1.30266755e-01 3.72203547e-02 -8.12068234e-02 4.48895004e-04 5.78030245e-02 4.15264747e-02 1.71585417e-01 1.70932665e-01 5.72358929e-02 -2.01817391e-02 1.61698914e-01 8.85743529e-02 -1.43626207e-02 3.73081574e-02 -1.16401846e-01 3.20346538e-01 -2.83369362e-01 6.21696894e-02 -1.13895528e-01 5.84287001e-02 -1.87653197e-01 1.34715287e-01 6.62462151e-02 2.17743765e-02 -9.71550883e-03 -1.37300542e-01 1.10735097e-03 4.68522699e-02 5.63518174e-03 4.88276856e-02 1.18160501e-01 2.35428156e-01 -2.28853167e-01 -3.19509281e-03 -3.74666690e-01 2.95123305e-02 -7.81857020e-02 -2.53167905e-02 -2.82604893e-01 -1.95511923e-01 6.64750525e-02 1.22758624e-01 -6.81760925e-02 1.09142854e-01
 5.01493088e-02 6.26862133e-02 6.72155018e-02 5.58531983e-02 -1.22230007e-01 6.78829707e-02 -6.05000865e-02 -1.67706998e-01 3.20233080e-01 -2.12694789e-01 1.60272146e-01 3.15212174e-01 -3.57060997e-02 -3.09587259e-01 7.92996762e-02 1.33055888e-01 -4.11953093e-02 -8.14476710e-02 4.67595399e-02 8.79832022e-02 -1.24348945e-01 -1.50071939e-01 1.78019624e-01 -7.04876082e-02 4.46449713e-02 -1.82492238e-01 1.06684290e-01 3.57595812e-02 4.95376350e-03 1.22472768e-01 -2.21135630e-01 7.63263559e-03 4.87762334e-02 6.58674018e-02 1.28228832e-02 -1.88052010e-01 -1.14327118e-01 1.63405484e-01 -2.89336166e-01 -1.10271957e-01 -1.86253906e-01 -7.09164520e-02 3.14124513e-02 -1.70324745e-01 -6.43004064e-02 1.92948089e-01 9.64283028e-02 1.42606746e-01 4.13042694e-02 -1.24424058e-01
 2.34539138e-01 -1.81646258e-01 1.52048874e-01 8.90489471e-02 -8.66038972e-02 -5.17863852e-02 -5.23987699e-02 -5.22180320e-02 -6.30576163e-02 -7.85180343e-02 -3.13031044e-02 6.79523514e-02 -6.45248976e-02 8.48761418e-03 -2.15273894e-01 1.65100418e-02 5.48633245e-02 -1.02037653e-01 -4.46760060e-02 -1.45041815e-01 -8.25184933e-02 1.39491139e-02 -3.55551863e-02 4.92552891e-01 8.45407917e-02 9.15283220e-03 7.26007531e-02 9.72938420e-02 -2.14841414e-01 -1.63311840e-01 7.36878989e-02 -8.25124332e-02 -1.99255789e-01 -1.19867275e-01 2.74569213e-02 -2.16651066e-01 -2.46399550e-01 -1.22676481e-02 9.96301740e-02 -2.18224060e-01 -8.87900989e-03 1.90533977e-01 -8.12453315e-02 -2.81305431e-01 -1.24501589e-01 -1.87984712e-01 -6.59385784e-03 -9.61511790e-02 -4.38303478e-02 -8.23805072e-04
 1.69915997e-02 7.11101115e-02 -1.60280815e-01 3.37168281e-01 -6.30792461e-02 -7.07315967e-03 -1.80217186e-01 1.68229746e-02 -8.65390188e-02 -6.22078200e-02 -6.07185901e-02 -9.79399314e-02 -1.03703560e-01 1.48395427e-01 -7.46055599e-02 1.67750209e-01 1.64298999e-02 -1.03259309e-01 9.74801198e-02 -6.67967810e-02 -1.04955565e-01 3.75234664e-02 -1.92247893e-01 -2.68219530e-01 3.85730141e-02 -5.36099586e-02 -6.14880031e-03 -1.62389260e-01 -3.66914899e-02 1.09930931e-01 -3.33091039e-01 -1.57162528e-01 -6.15857311e-02 -3.90933782e-01 -5.07139858e-02 -1.78925950e-01 -1.91670939e-03 2.24684996e-01 7.18857667e-02 -1.77803859e-02 1.42317072e-01 -7.25678339e-02 3.36316644e-02 -1.00803858e-02 1.01163339e-01 2.60582181e-02 -2.77527108e-01 -1.74091011e-01 1.06788866e-02 -9.49328823e-02
 7.54736903e-02 -1.82992758e-02 1.30269362e-01 -2.02984298e-02 2.69189016e-02 1.45186214e-01 -6.98669773e-02 -1.73650372e-01 -1.20876645e-01 1.91985208e-01 6.85709553e-03 1.57874441e-01 -9.65277500e-03 1.00785456e-01 3.49821217e-03 9.20624137e-02 1.61232160e-01 -1.90864541e-01 -2.66650775e-01 -3.75975861e-02 3.09835885e-02 -4.91478950e-02 -3.94336652e-02 4.66844992e-02 1.06982479e-01 -6.79958590e-02 1.62425905e-01 -1.80282521e-01 2.13193538e-01 1.36573209e-01 3.64453934e-01 3.33706414e-02 -2.56107260e-02 3.72978016e-02 -2.78302549e-01 -1.78231609e-01 6.95701883e-02 1.59864289e-01 7.07576193e-02 2.34198636e-01 -1.03985007e-01 -2.73680139e-01 7.40297054e-02 -5.96268786e-02 5.50071911e-02 3.20700261e-02 -7.57079393e-02 2.39463385e-02 -3.18161942e-01 -4.08153416e-02
 3.36136822e-02 -3.43517968e-02 -2.68466896e-02 6.17238657e-02 6.26439029e-02 1.28755618e-01 8.83863919e-02 -5.52824215e-02 -2.78284068e-01 -1.21587831e-01 -7.92190087e-02 4.01345101e-02 -3.63742603e-02 -1.06899696e-01 -4.52060084e-02 -1.24475534e-01 1.33661968e-01 -1.60107709e-02 -1.02085269e-01 5.85974598e-02 -1.30697333e-01 2.41440363e-02 4.02389904e-02 7.79129383e-02 1.03109117e-01 -2.02404047e-02 -1.63805172e-01 1.19913727e-01 2.60941461e-01 1.30715151e-01 2.07456367e-01 -6.19987593e-02 -8.99036180e-02 3.51211254e-02 5.77783235e-02 -3.77142026e-02 2.20798995e-01 -4.20948419e-02 -8.01423558e-02 -1.96740852e-01 3.69989374e-02 -1.01549277e-01 -4.07212026e-02 -1.02504406e-01 3.65328776e-02 1.77914572e-01 -3.00423763e-01 3.37157190e-02 5.76006460e-01 2.35541442e-03
 2.89429199e-01 -1.40811950e-01 -2.66802236e-01 -1.07893145e-01 -2.71467055e-02 -5.21972527e-02 3.07283464e-02 -3.27081479e-01 -9.08755041e-02 9.14289417e-02 1.48954177e-01 -9.03055006e-02 -8.22432120e-02 -1.15951574e-01 -1.56684193e-01 1.37346774e-01 -3.43075953e-02 3.95097892e-02 2.21833355e-01 1.28862057e-01 2.71440435e-02 1.17221398e-02 -1.50955214e-01 6.21503860e-02 7.40914027e-02 8.45692910e-02 1.81577295e-01 -6.76015037e-02 -1.57787994e-01 3.60098067e-02 5.88608279e-02 -1.27336238e-01 -1.85933394e-01 -5.57074962e-02 -1.20618739e-01 1.72833262e-01 -3.66056103e-02 -1.62811044e-01 -2.85393590e-01 1.35794933e-01 -1.87488588e-01 -5.75671888e-02 -1.58397512e-01 3.12787279e-01 -2.97787082e-02 1.35227226e-01 -5.92088660e-02 -4.74016588e-02 5.70274763e-02 8.57648162e-03
 3.36995611e-01 -2.04197907e-01 -3.97307754e-02 2.34540719e-01 -2.67023421e-02 8.20239055e-02 -8.42806159e-02 9.57880082e-02 2.57230722e-02 2.82480764e-02 -3.78038300e-02 -1.33116925e-01 5.90007777e-02 7.55700408e-02 4.67497222e-02 7.16581126e-02 8.36052737e-02 -4.69924425e-03 9.22591392e-03 1.22074849e-01 -3.04462108e-01 -6.27386371e-02 -2.03868876e-02 4.80450601e-02 -7.79452416e-02 -1.25753834e-01 1.28314750e-01 3.05703022e-01 -5.18385105e-02 2.74584482e-02 -5.15748243e-02 -1.77682613e-01 1.33128773e-01 2.18207405e-01 -3.76562013e-02 2.24432295e-01 2.79558304e-01 -1.69311279e-02 2.30328064e-01 6.23168502e-02 5.66901663e-04 1.74484232e-01 1.07903215e-01 -6.13238393e-02 1.64963534e-01 2.39036630e-01 9.44570549e-02 9.57831104e-02 -1.37307714e-01 -1.29697756e-01
 -7.82774547e-02 -5.01367804e-02 8.56286715e-02 1.55288102e-01 -1.13418334e-01 5.63406339e-02 1.24923124e-01 -3.26983110e-01 1.65832347e-01 1.39071401e-01 1.43159856e-01 -1.37399752e-01 -1.20430704e-01 -9.17632306e-02 1.56985079e-01 -1.25483511e-01 -2.32522273e-01 -1.11198051e-01 1.41690674e-01 8.90663066e-02 -1.41680120e-01 2.13963043e-01 -1.88018520e-01 1.13210755e-01 -1.67511311e-01 2.30420088e-01 -4.44412108e-02 -1.12365206e-01 1.16582872e-01 2.31700492e-01 -1.83045875e-02 -2.65913581e-02 8.02934525e-02 1.42883184e-01 -5.92475059e-02 -1.10202428e-01 3.08809669e-03 -1.97280407e-01 1.60095867e-01 7.15878394e-02 1.61810568e-01 -4.08037630e-02 2.03516180e-01 -1.64697273e-01 -1.78233983e-01 -6.95975652e-02 6.90100952e-02 -1.89061462e-01 8.95475634e-02 -7.45394252e-02
 1.43084958e-01 -7.33342165e-02 -3.07538275e-01 7.28024112e-02 2.07994296e-01 1.60124797e-01 -5.43459956e-02 1.86113020e-01 2.74567026e-01 9.06663533e-02 4.20664259e-02 1.19907106e-01 1.14569900e-01 -6.24951890e-02 4.48803870e-03 1.91033164e-01 6.73756352e-02 2.16387162e-01 -1.44472826e-01 -1.05034566e-01 2.87101143e-01 1.26861986e-01 -2.70544623e-02 -2.76633978e-02 1.40439251e-03 6.12063160e-02 -1.21932498e-01 2.06372104e-01 5.68900276e-02 9.58278305e-02 1.13368318e-01 -5.16612083e-02 -1.85397777e-02 -5.82821582e-02 -6.16436573e-02 1.51712866e-01 -1.90503134e-01 -9.76352418e-02 -1.39738083e-02 -1.02825671e-01 -1.53636198e-02 -1.86088909e-01 1.74077024e-01 -1.45047255e-01 -8.97420877e-02 -6.80007120e-02 -3.45693589e-03 -2.60975915e-01 3.23389414e-02 -2.94691836e-01
 -7.40293249e-02 8.61981621e-02 -1.81351377e-01 -7.17120102e-02 2.79318320e-01 -6.59980040e-02 -2.35203724e-02 -1.71020078e-01 6.71408165e-02 1.95944741e-01 -1.73173777e-01 4.01064204e-02 -2.42774945e-02 7.16426992e-02 -1.32450338e-01 4.52096377e-02 2.71567613e-02 -3.06250251e-02 1.37577272e-01 -1.94376817e-02 -1.66708391e-01 1.73911703e-01 1.78216602e-01 -2.27272195e-01 2.60802097e-01 2.52170744e-01 -2.92719851e-02 2.62707139e-01 1.08903454e-01 8.76917819e-02 -2.43714860e-02 5.08589561e-02 -1.65991893e-01 2.13499785e-01 -8.31541008e-02 -1.40116133e-01 -9.68642749e-02 1.02759808e-01 2.78140429e-03 2.12522541e-02 1.33277621e-01 3.17485912e-01 -1.32945719e-01 -9.83508465e-02 -1.65471729e-01 6.84333562e-02 -9.64644069e-02 1.31257812e-01 -1.60489020e-01 9.26208352e-03
 -9.16481171e-02 -5.14751894e-01 2.12016496e-01 9.32213539e-02 9.85211681e-02 -2.09029315e-01 6.97797084e-02 -1.51893715e-02 1.91738689e-01 2.83982625e-01 -3.59763909e-02 2.33917085e-02 7.92813241e-02 9.95287916e-02 -1.98618541e-02 4.91746422e-03 1.20027605e-02 2.31273222e-01 7.64131625e-02 4.61299286e-02 -1.05615682e-02 1.29977519e-01 5.74143811e-02 9.73203372e-02 -7.12956103e-02 -3.77760731e-02 -8.50913905e-02 -6.09359665e-02 -1.04187686e-01 -7.00046679e-02 5.20029104e-02 9.78398935e-02 4.42823387e-02 -1.31341014e-01 -3.45787426e-02 -5.62310237e-02 9.50586329e-02 4.30612689e-01 -1.82994228e-01 6.20415754e-02 1.43619016e-01 -7.49585001e-02 -1.35622231e-02 5.93277701e-02 -3.93599801e-02 1.35816460e-01 1.55808887e-02 5.73673370e-02 1.67874784e-01 -6.87907448e-02
 1.00268166e-02 1.81061679e-02 -2.29447332e-02 1.46598092e-01 4.10889849e-01 -1.30029466e-02 2.69650232e-01 -1.45817130e-01 -1.68658389e-01 -1.80232114e-02 1.78130859e-02 3.47342091e-01 3.71493915e-02 -1.62988900e-02 1.96587889e-01 -1.47433395e-01 -2.40354616e-02 -1.22358547e-02 7.94369762e-02 8.15277508e-02 1.33807393e-01 4.61029010e-02 -2.41614221e-01 1.29132168e-02 1.40157462e-02 8.54908344e-03 -1.28487420e-01 -1.02159103e-01 -1.49174654e-01 -1.58151246e-02 -8.88869907e-02 -5.09200704e-03 1.84248227e-01 -2.08056484e-01 3.17502800e-02 9.00362195e-02 7.28688353e-02 -4.84456032e-02 1.40240698e-01 1.21871788e-03 -2.13765783e-01 9.90585161e-02 -2.66310938e-01 -2.46963054e-01 4.04217015e-02 1.35057489e-01 1.47499495e-02 8.34481827e-02 -1.37983650e-01 -7.56484132e-02
